2.152729282019130996e-01
1.852173832178430901e-01
1.793553479356662927e-01
1.776258586586685340e-01
1.756839008686620629e-01
1.747834584618783993e-01
1.719015905482558504e-01
1.704347886561710657e-01
1.701198307466076920e-01
1.686446867890687706e-01
1.666267609736915567e-01
1.627730821992274535e-01
1.623658562278598727e-01
1.613132063327310239e-01
1.611118139535599736e-01
1.581928338871771422e-01
1.564351048546310519e-01
1.552136671891507502e-01
1.544274908251457024e-01
1.511102325939455149e-01
1.494850054316275434e-01
1.491419307346923684e-01
1.468952999863293030e-01
1.446502222700993823e-01
1.438951219202300458e-01
1.433790593920109546e-01
1.422789351501289601e-01
1.414677231810824165e-01
1.402315347932637790e-01
1.383252623855399099e-01
1.376025362969793553e-01
1.370211107227362890e-01
1.365791012743614863e-01
1.363334509653569004e-01
1.352601322399354100e-01
1.349254297400799829e-01
1.336367283336576117e-01
1.334895558392703019e-01
1.323142786467080556e-01
1.317590874091277842e-01
1.306860082190759442e-01
1.303806100255022471e-01
1.293221706714275665e-01
1.289705496855826916e-01
1.287710185988882872e-01
1.285199575433483565e-01
1.278077013443497945e-01
1.275194316775384307e-01
1.266659777365758688e-01
1.265939813467104880e-01
1.257825838385474848e-01
1.255222497977085960e-01
1.243576081900670954e-01
1.235999184174041282e-01
1.232355976621982152e-01
1.231138157436797026e-01
1.227300389950883863e-01
1.223410670207096401e-01
1.219383278535993015e-01
1.213547168406698823e-01
1.211634259502196165e-01
1.197019781136849231e-01
1.193427801122550758e-01
1.184918095814351258e-01
1.177127114804503022e-01
1.168515114516663067e-01
1.165839713805886385e-01
1.160925790804649138e-01
1.153434381499599815e-01
1.147121621217896126e-01
1.143851725366642202e-01
1.135444910161474696e-01
1.131891854417617221e-01
1.127468555489682667e-01
1.122574825666448339e-01
1.119577029114787597e-01
1.111556516753853252e-01
1.108296917903674322e-01
1.097736643010756713e-01
1.101562427159370888e-01
1.101158624425861848e-01
1.099507370788077587e-01
1.099838112970702303e-01
1.092738099862919504e-01
1.086868141793461140e-01
1.089335331288243114e-01
1.085867074690453904e-01
1.083480309283008647e-01
1.082608565818972274e-01
1.077841025125575586e-01
1.075844359617652707e-01
1.077726774958225053e-01
1.067617784690350347e-01
1.069577585878754150e-01
1.070468173703816861e-01
1.060121628981860742e-01
1.061494512058761969e-01
1.056025892558951906e-01
1.054898594487026220e-01
1.051305905047708045e-01
1.048203553588778481e-01
1.045829196259540073e-01
1.041813577226375354e-01
1.040361311297014063e-01
1.036038515352230432e-01
1.035259837323368459e-01
1.035092048349810223e-01
1.029573287303769402e-01
1.026798709355748185e-01
1.025671477328530951e-01
1.023448301973895469e-01
1.021971771492667935e-01
1.008510685959109476e-01
1.008146320395462148e-01
1.005946294178647199e-01
1.004298502431669876e-01
1.000543050804738321e-01
1.000856000681756286e-01
1.001910105965570646e-01
1.002697774501681155e-01
9.919742555569420472e-02
9.883012789264145059e-02
9.865784512766044567e-02
9.840925110736777059e-02
9.824207342400645415e-02
9.746539782943752783e-02
9.733032591895972307e-02
9.685845659340570901e-02
9.689010362136742105e-02
9.669376503668658529e-02
9.630032245100557386e-02
9.595526759198806654e-02
9.586541484499985777e-02
9.560278418060816352e-02
9.547346633889602918e-02
9.505832162728564128e-02
9.518761371865079590e-02
9.457492181196880399e-02
9.444350300630055539e-02
9.395727978818774195e-02
9.390925368888705660e-02
-2.959062204567627165e-17
9.365016587079501298e-02
9.346149025233874141e-02
9.320874440612991751e-02
9.299922854065667543e-02
9.283542752480616889e-02
9.268259328523330287e-02
9.258751561182905487e-02
9.204260421789242641e-02
9.173562921650921242e-02
9.170055445441267772e-02
9.160848058329838783e-02
9.144506018135946379e-02
9.112491912495898627e-02
9.086576073335878023e-02
9.043644387034711907e-02
9.020240584286351448e-02
8.993373134148639758e-02
8.959630921540176485e-02
8.938395630753487309e-02
8.904480117068891420e-02
8.892583908987666819e-02
8.875819561874725983e-02
8.846364997809430530e-02
8.834677093693253658e-02
8.822002792860796083e-02
8.789451841774882646e-02
8.740520240275771735e-02
8.741589085833806338e-02
8.769361718759967339e-02
8.761206904918922289e-02
8.757186131767605297e-02
8.707741319882063291e-02
8.723685677659143156e-02
8.639474905373080438e-02
8.626819502594879063e-02
8.619690756419376432e-02
8.607402863112284530e-02
8.593927807291010246e-02
8.572060814700378784e-02
8.562563916125708052e-02
8.540176299797881676e-02
8.517554242235766959e-02
8.490084409930252762e-02
8.461923360174768149e-02
8.450372666822043854e-02
8.421345106061012276e-02
8.433996746477101514e-02
8.424017344877655911e-02
8.407320897202918975e-02
8.411478155967998249e-02
8.382425982432341327e-02
8.370660079003114373e-02
8.371709535734647711e-02
8.344827533041111745e-02
8.319732649419132875e-02
8.303041901543381509e-02
8.301078480144430394e-02
8.275195304133900476e-02
8.287210639328768114e-02
8.261002286735620592e-02
8.246293564908097062e-02
8.231072541378345320e-02
8.210469569458495043e-02
8.176527604848007891e-02
8.178544286906988536e-02
8.194114798780963160e-02
8.172750535932575555e-02
8.143665716608189387e-02
8.144719338278444409e-02
8.116813843178030674e-02
8.121881745601437774e-02
8.100451444632814080e-02
8.093123931780199509e-02
8.068272119153960253e-02
8.080087726253291913e-02
8.073298660593260234e-02
8.050994008752672404e-02
8.048890319691423545e-02
8.020999293168971922e-02
8.032509127621856315e-02
8.026767637117883381e-02
8.016957966928235646e-02
7.998392022592229478e-02
7.991725701688956462e-02
7.983231032298040986e-02
7.943320551737181878e-02
7.937995393491110996e-02
7.977372594622540725e-02
7.974798359468690534e-02
7.965202242304657287e-02
7.924234680408714926e-02
7.898337297337705565e-02
7.880508205773564812e-02
7.864673276469758001e-02
7.844719365623553653e-02
7.913066163638494965e-02
7.834938617729997334e-02
7.807617463091021115e-02
7.775365896094475759e-02
7.818516491396371171e-02
7.755223918155271234e-02
7.704998660728901161e-02
7.717810218451655324e-02
7.765342409649587940e-02
7.637287997610422985e-02
7.662039512149963760e-02
7.635225267682474448e-02
7.640188938100776761e-02
7.682889354598064491e-02
7.697843105191252977e-02
7.606676635307191292e-02
7.591100341633413850e-02
7.583985905200565925e-02
7.575668210607849895e-02
7.536704776359220981e-02
7.549937545283488816e-02
7.557456172436950725e-02
7.494392013099740457e-02
7.513668260089897966e-02
7.509947224021823464e-02
7.474357860351470151e-02
7.432196710239220849e-02
7.421804950371817255e-02
7.413274991690801952e-02
7.408309493559885051e-02
7.401048651908892495e-02
7.385009125214948844e-02
7.386759892196546884e-02
7.382877720013052147e-02
7.347050390600078085e-02
7.348523531114826979e-02
7.340182670110169394e-02
7.329271779693218025e-02
7.335103162651616937e-02
7.296558739873669486e-02
7.286986339781247046e-02
7.281782420218384233e-02
7.263899775358866051e-02
7.251752156927770976e-02
7.254908694846630424e-02
7.232195628167352452e-02
7.244299569232642844e-02
7.194920597183794564e-02
7.203615120069283007e-02
7.199306280177381057e-02
7.176656953062578170e-02
7.154878276725351594e-02
7.150104239750237900e-02
7.133437922266004649e-02
7.130449188968183971e-02
7.121532879812181305e-02
7.109916821739535597e-02
7.095953646116526237e-02
7.079090661729173228e-02
7.063177079596351382e-02
7.065729611912799357e-02
7.045062791563537485e-02
7.014307946515363490e-02
6.993907488334810685e-02
7.003844602479081249e-02
7.040356240764621132e-02
7.025867042213658487e-02
6.888195393594130633e-02
6.878881843975190313e-02
6.963355354663593177e-02
6.951385131204075585e-02
7.023316012294177069e-02
6.923916967358316465e-02
7.031513943061003247e-02
6.920675210030310942e-02
6.904296085282234097e-02
6.949667913055004864e-02
6.962465074154487732e-02
6.893076955176029308e-02
6.902431097537641003e-02
6.859650155909968738e-02
6.840245094334457265e-02
6.828041103107029830e-02
6.809577171684116914e-02
6.803517135632583535e-02
6.783061389173168643e-02
6.725060916033638592e-02
6.743489237068685249e-02
6.756119494147705407e-02
6.773635622026408232e-02
6.774822558752198465e-02
6.768808373873766437e-02
6.765493443137668428e-02
6.704313352071385179e-02
6.695416503329230939e-02
6.669624750418332026e-02
6.657000657950953859e-02
6.648021125428811573e-02
6.642233438103176124e-02
6.626205192808075350e-02
6.608875657918107660e-02
6.616616673289742179e-02
6.599498380304182066e-02
6.582486599667357330e-02
6.575448227624279551e-02
6.562132050078881007e-02
6.564533872223365929e-02
6.553594678627591708e-02
6.542200833076598776e-02
6.511088197485015439e-02
6.538269458459218531e-02
6.532740515335686005e-02
6.521704929040901544e-02
6.529248759625308485e-02
6.495215777209045749e-02
6.493648150850578338e-02
6.482066060719847422e-02
6.279650696392376219e-02
6.292320184736246991e-02
6.475609669503380739e-02
6.466753795344150346e-02
6.469625950845271645e-02
6.454675723893407713e-02
6.433618542275999774e-02
6.418993140915221773e-02
6.312467088459139397e-02
6.315024744965144765e-02
6.407815895841785514e-02
6.361161453737877725e-02
6.344444119302360130e-02
6.378557923586311573e-02
6.346557035646750722e-02
6.392400988632686298e-02
6.412841292509723068e-02
6.426610715311524558e-02
6.384154696021260289e-02
6.336584220686528046e-02
6.387615252700598600e-02
6.324095931778463131e-02
6.326050786432997619e-02
6.322697168604700380e-02
6.286951227729005443e-02
6.268365723576918569e-02
6.262542803839506178e-02
6.257348421717089104e-02
6.251728698308423038e-02
6.240465905539180347e-02
6.228348069632922562e-02
6.215928037156680241e-02
6.214099510557256206e-02
6.209523750566731809e-02
6.201822896340986047e-02
6.196531073513086851e-02
6.187457602595747286e-02
6.180364244586575295e-02
6.175511629202330016e-02
6.160355076081652781e-02
6.165047369668926608e-02
6.152896448931823720e-02
6.144650359255589972e-02
6.128061246760821423e-02
6.131831038628209052e-02
6.137269137475795389e-02
6.136320095523330881e-02
5.914706275671101354e-02
5.922113275546276451e-02
6.119107239188525255e-02
5.930229323170763817e-02
6.103481380659639410e-02
6.112454800610186978e-02
5.939171347585431998e-02
6.099104088673108076e-02
6.084129437359598463e-02
6.077058379358403484e-02
6.078437794630182911e-02
6.065778106524505331e-02
5.946556096985883971e-02
6.055575904416815591e-02
5.951326604836067180e-02
6.054106661141184925e-02
6.033843757382623824e-02
6.024294185242981547e-02
5.961277406786193861e-02
5.962502881113806996e-02
6.048182709173918759e-02
6.008848289667335918e-02
6.001289115443501215e-02
5.994099338629196860e-02
5.982093418422480130e-02
6.095640163855215593e-02
5.979101335433047171e-02
5.986233089794482098e-02
5.971587201397075134e-02
6.016635189880659151e-02
6.004909833131905073e-02
5.920562478552793273e-02
5.905676378070603971e-02
5.896459096201076000e-02
5.888440930130966339e-02
5.885157032966582130e-02
5.881128413260840182e-02
5.874534603323944976e-02
5.868735772882099910e-02
5.859981494314876749e-02
5.638884845539226393e-02
5.640604528115022998e-02
5.854657158798435429e-02
5.839509551838093643e-02
5.836398341144276303e-02
5.826994727602920199e-02
5.668886358927353181e-02
5.810556205607170233e-02
5.788213935052496234e-02
5.774651946077946629e-02
5.775980991668796388e-02
5.794763536116103592e-02
5.805311908011221572e-02
5.677798128515305909e-02
5.681000156371335957e-02
5.809057239598976879e-02
5.799746782900432052e-02
5.763199685480097784e-02
5.688434465024207881e-02
5.754234851539175022e-02
5.728957959977045572e-02
5.735454267918214943e-02
5.746940736658835008e-02
5.743344681437585059e-02
5.701158852075476763e-02
5.704506211656605597e-02
5.711335046005999033e-02
5.695796459174073956e-02
5.739108728560859962e-02
5.706596185823972767e-02
5.716853451430526506e-02
5.641757386419884307e-02
5.403923541097133132e-02
5.635264281134130110e-02
5.631458193088029890e-02
5.622450657815416392e-02
5.627195367717093694e-02
5.602190694745873278e-02
5.412509481939536266e-02
5.420962351182889022e-02
5.424903559334615100e-02
5.587245202083098577e-02
5.594402766380591335e-02
5.589969129283951788e-02
5.553478974484307024e-02
5.564512109931735867e-02
5.558750468865256839e-02
5.545481904421793035e-02
5.443051868673271648e-02
5.535718971050450354e-02
5.456221204456208201e-02
5.467288534253805093e-02
5.496176533960004523e-02
5.501406309420880936e-02
5.524042082526739450e-02
5.527310711065139270e-02
5.510688142911322057e-02
5.460840759481565276e-02
5.506949834233409308e-02
5.476840974691288277e-02
5.479827658190734863e-02
5.485216264472876635e-02
5.560944125194357962e-02
5.567552931647993392e-02
5.448208394951134514e-02
5.390054678028166624e-02
5.392515156434202900e-02
5.382760751317677839e-02
5.378135322540363722e-02
5.366078198190069037e-02
5.367569288608961542e-02
5.355688635925305585e-02
5.345974708103779643e-02
5.172042427307343981e-02
5.171150033791706291e-02
5.341136017287167331e-02
5.178101135681874301e-02
5.185124778909044885e-02
5.183982328039092591e-02
5.335535464991891103e-02
5.195103808081508873e-02
5.329836610958452181e-02
5.203167091264717520e-02
5.221540846989122103e-02
5.262486642719423763e-02
5.325762630496620742e-02
5.212190132929653968e-02
5.315479746913675391e-02
5.313388017360094057e-02
5.251328492485211191e-02
5.249943097969302780e-02
5.234008667768171724e-02
5.290214055027291778e-02
5.278673430306072417e-02
5.208950034278168884e-02
5.292430720304010239e-02
5.239112829578978364e-02
5.240512712045479471e-02
5.294603998710274706e-02
5.306094753155587290e-02
5.277292593719195429e-02
5.305706207073011133e-02
5.301444985495007423e-02
5.300034106646879517e-02
5.162092076345602132e-02
5.155232340622941528e-02
5.150931885279401434e-02
5.143643879057311491e-02
5.132636023896492566e-02
5.119825669284338437e-02
5.126472579767259868e-02
5.128154018248391038e-02
5.113195965979683288e-02
5.108960737120088469e-02
5.130898392616378006e-02
5.102708172803862435e-02
5.092700576804261303e-02
5.085226055182118232e-02
5.087686358321352048e-02
4.943972976322259100e-02
5.079030531861911113e-02
5.070389844087003217e-02
4.947970114461508473e-02
5.061371482504312125e-02
4.952838838919778469e-02
5.058835157870437277e-02
5.055113231858752304e-02
4.957684492777261753e-02
4.966860825222094156e-02
5.043673739448072818e-02
4.980464125209048409e-02
5.018237811262525605e-02
4.984995461505734721e-02
5.035366161778762062e-02
5.007076919697398681e-02
5.023317214169430167e-02
4.992989198572091170e-02
5.003395058054421057e-02
4.963124855357448073e-02
5.035961704346352680e-02
4.989573062397938824e-02
5.000853891697352310e-02
4.998753240677545479e-02
4.949607694042341965e-02
4.934755336366877798e-02
4.929751156918943389e-02
4.925550838723114638e-02
4.916342932740132982e-02
4.913865900429243566e-02
4.911269014024807755e-02
4.907217182365628677e-02
4.904641673357775650e-02
4.899418657627200441e-02
4.893313404036686576e-02
4.889689761149230290e-02
4.885672965471019730e-02
4.879193966094974577e-02
4.868299501290539871e-02
4.870280868810521191e-02
4.854522639972179421e-02
4.851166874044988281e-02
4.751141159442040518e-02
4.753820514701907057e-02
4.758485173429952142e-02
4.831224199175039591e-02
4.833036169675188759e-02
4.836134166659387251e-02
4.843831427291602626e-02
4.838495285920749872e-02
4.755590486330780325e-02
4.824418700487576039e-02
4.767418873245078681e-02
4.802772721218615676e-02
4.808698937953914676e-02
4.813489119101638236e-02
4.841760982561421622e-02
4.793222546234043174e-02
4.775171381794102166e-02
4.816082475732524903e-02
4.784693746425255217e-02
4.776728809564691203e-02
4.780487176109986247e-02
4.792096209019473113e-02
4.781697055225907211e-02
4.744486195784375360e-02
4.742568859921049429e-02
4.736671083637680052e-02
4.733358001821765665e-02
4.724121729724989338e-02
4.715765563890371437e-02
4.720010802729120158e-02
4.731426437938614227e-02
4.726599887166124669e-02
4.727704681611132748e-02
4.708886797203280794e-02
4.702850097054755291e-02
4.696198735888845038e-02
4.693299974674643854e-02
4.688574983067050894e-02
4.684032049888551402e-02
4.677939149886992110e-02
4.666792204577523140e-02
4.670133352266791354e-02
4.663119628710275799e-02
4.656931543769845389e-02
4.652360313037649797e-02
4.648411594691514298e-02
4.633147734213800134e-02
4.641551928052257275e-02
4.644604484300055708e-02
4.624681478175685784e-02
4.609153243449785192e-02
4.615428287898769993e-02
4.618409023729933699e-02
4.584782840124414227e-02
4.597506738155626715e-02
4.593791958204171411e-02
4.622503589763608117e-02
4.574292248597799926e-02
4.590445061902270751e-02
4.616403229281088039e-02
4.570325555706612058e-02
4.566700381244829382e-02
4.556210356815940110e-02
4.548539987435739479e-02
4.538567704027427624e-02
4.524557487888941631e-02
4.533923597569925606e-02
4.532331110201660851e-02
4.517549748602407711e-02
4.513483545553706455e-02
4.509791220275775198e-02
4.498904784706261872e-02
4.503433072062185127e-02
4.503794285484809951e-02
4.494506821191196488e-02
4.489439030699506061e-02
4.487505920794542663e-02
4.481585958832651206e-02
4.476640675819384269e-02
4.471833785454500110e-02
4.221065642830402337e-02
4.475360316738261068e-02
4.471126493657547746e-02
4.464330067504412164e-02
4.229933422510094576e-02
4.460558326647674765e-02
4.452426836640509256e-02
4.455075078224214613e-02
4.443799470664845652e-02
4.448612399416134594e-02
4.438996952096986581e-02
4.462347279303938152e-02
4.234313555143628949e-02
4.434375374145918536e-02
4.435850379198375687e-02
4.240142968957211905e-02
4.432408216824822167e-02
4.422473449658221450e-02
4.416543822903394589e-02
4.426320610929124905e-02
4.243009701010817813e-02
4.410661558893799045e-02
4.399070041558304084e-02
4.404858446919674569e-02
4.393669632461153635e-02
4.252652763256109525e-02
4.376285253017813542e-02
4.385423042030699159e-02
4.395232634623309764e-02
4.403791213866847798e-02
4.381809821147295697e-02
4.257550959849906724e-02
4.259289888138072938e-02
4.362362549135463674e-02
4.262628632782599486e-02
4.358861322268705457e-02
4.264834710837651227e-02
4.354617347832005075e-02
4.270520299139306947e-02
4.273997818596354109e-02
4.279569647469888549e-02
4.355619773307967818e-02
4.349356606615536330e-02
4.307267119111924530e-02
4.338479726017046428e-02
4.330114256845742776e-02
4.296809715116240574e-02
4.315743573860404692e-02
4.340066144119150704e-02
4.300057464849783850e-02
4.300951751840841053e-02
4.284845751126812458e-02
4.289623581348232795e-02
4.343159137944359316e-02
4.322070372350818313e-02
4.324070492825699691e-02
4.319915199891180557e-02
4.183925772145834915e-02
4.185897919510487425e-02
4.190368317260240172e-02
4.192538498478478454e-02
4.195818269206307016e-02
4.199634627690868732e-02
4.201543196204325648e-02
4.214047697517517982e-02
4.215513190981718533e-02
4.204259522860896714e-02
4.226441047447824367e-02
4.221216695823563902e-02
4.123181278378826309e-02
4.126856318889639968e-02
4.130905678141631038e-02
4.133560733334808862e-02
4.135124617115056717e-02
4.140910892719219805e-02
4.139842177261625344e-02
4.148886178096765354e-02
4.157321140178010799e-02
4.158962477408953418e-02
4.150195022376421128e-02
4.169955846549740219e-02
4.163359686512702051e-02
4.174386368420474058e-02
4.164752819541578388e-02
4.058573172131798440e-02
4.061916896577499880e-02
4.070057247294577712e-02
4.072525739928339883e-02
4.077257640752988271e-02
4.081568054719214578e-02
4.086309225344239571e-02
4.089523973355755487e-02
4.093258084775214245e-02
4.095904662000383889e-02
4.103929528983840669e-02
4.110729689452254781e-02
4.113803494762810486e-02
4.099677414846041729e-02
4.115569367271933870e-02
3.984823810517895692e-02
3.988437618327639322e-02
3.990031983667168686e-02
3.992197906611731628e-02
4.005546641890801035e-02
4.008097598922757271e-02
4.001189347370488758e-02
4.013586845797082608e-02
4.017901525713245964e-02
4.031718715043152573e-02
4.024633568812487766e-02
4.038825441642388686e-02
4.025171405519194917e-02
4.046705528116499584e-02
4.000242328142949305e-02
4.050224311821359890e-02
4.047132960916061811e-02
4.056883917861119071e-02
4.036403300215628959e-02
4.065411158210754244e-02
3.890365398516100470e-02
3.895507787850898546e-02
3.906469727975649120e-02
3.909288919631279113e-02
3.912416844798576043e-02
3.973942839835425955e-02
3.962491447631416586e-02
3.966877629776275477e-02
3.978522476868084218e-02
3.953149815146720508e-02
3.941091272936161904e-02
3.937756636461261367e-02
3.922293708549585978e-02
3.948835060156385968e-02
3.932118533372766511e-02
3.928399971867987256e-02
3.958641884375679876e-02
3.982985659650332272e-02
3.947637279730946414e-02
3.929121371389425466e-02
3.917290534793694406e-02
3.917434682250201666e-02
3.882007873573151135e-02
3.875961610187824563e-02
3.872360528633930071e-02
3.870258823746466209e-02
3.863581756159521069e-02
3.869336614889982290e-02
3.858261118358775194e-02
3.855915870621523522e-02
3.853747965439505152e-02
3.836454457835020149e-02
3.844026874230574431e-02
3.847579323876353097e-02
3.845890509149585412e-02
3.833633868524145144e-02
3.828756766477913603e-02
3.822167048245803805e-02
3.818649817953019554e-02
3.812826407993263195e-02
3.782709078434551980e-02
3.788194720333659671e-02
3.803797393827839518e-02
3.801777610744232205e-02
3.799976494508017222e-02
3.796702051821967266e-02
3.795623306712041928e-02
3.808255407306526674e-02
3.776518572065735296e-02
3.774544677687904221e-02
3.759929742897859251e-02
3.771158264011015282e-02
3.770097690553373543e-02
3.765115508127322985e-02
3.763794307314420606e-02
3.756113557965077426e-02
3.751823414767705561e-02
3.747836444086022345e-02
3.744205966345580394e-02
3.720461154079839766e-02
3.745671319450249309e-02
3.734652568558342878e-02
3.738823272689703603e-02
3.737176462407643812e-02
3.729995205709051714e-02
3.731115072719405623e-02
3.709848768788501922e-02
3.706332263038222830e-02
3.716002093194208100e-02
3.704140485083707440e-02
3.697075882588247292e-02
3.693851996449321745e-02
3.515379895695040779e-02
3.689123978579948032e-02
3.685327642144051868e-02
3.692150847059045421e-02
3.682069485330451142e-02
3.520102966925241217e-02
3.521155711042532610e-02
3.676860652831151488e-02
3.523062702631548498e-02
3.526828315886278847e-02
3.675650761277711454e-02
3.534051276012231679e-02
3.539082017539267599e-02
3.666159788003293951e-02
3.668088036052603862e-02
3.667627092917511572e-02
3.670184101095719242e-02
3.660699147116485558e-02
3.648779905007871333e-02
3.542403432510225075e-02
3.656350310569324996e-02
3.547064633837767461e-02
3.549314422034454547e-02
3.639662273538803172e-02
3.655355781704756196e-02
3.636118197487075987e-02
3.637153288874042656e-02
3.658233859759939255e-02
3.553291937862534944e-02
3.555112943756718463e-02
3.631756010484226554e-02
3.561689622632789598e-02
3.627803577259104684e-02
3.626017642598237944e-02
3.620643074470925732e-02
3.565827385521633253e-02
3.568627241927278815e-02
3.581311526521387817e-02
3.586286848189949861e-02
3.590838146459982699e-02
3.615083977199202298e-02
3.595918935235888764e-02
3.602457911585989908e-02
3.575631103088984519e-02
3.609421709651897819e-02
3.566905042164294354e-02
3.578839835702981448e-02
3.589308048826920367e-02
3.605419376082634464e-02
3.612541884083587951e-02
3.622397332189893071e-02
3.606864027509935899e-02
3.612039234708844249e-02
3.478685484238777659e-02
3.481117632988940669e-02
3.487026541857726758e-02
3.488424922163805425e-02
3.490083141340453998e-02
3.495789635807888818e-02
3.498664844711119742e-02
3.503766524738300553e-02
3.505766888089131839e-02
3.510026200519872353e-02
3.513033495503099790e-02
3.422788024237848059e-02
3.424105115884959472e-02
3.474234353968887190e-02
3.471069565398141737e-02
3.433338692869394859e-02
3.465802378108311793e-02
3.456530938245355733e-02
3.436952928220900899e-02
3.448577148786371310e-02
3.429949931622530701e-02
3.452481620911222737e-02
3.439543459236031608e-02
3.449939215714401680e-02
3.464305810544273528e-02
3.460974923788315977e-02
3.438009489010656478e-02
3.440831581662175814e-02
3.458606493519597591e-02
3.409097441456181155e-02
3.410776607003917354e-02
3.404148559366927673e-02
3.400726027483780278e-02
3.401557763695742947e-02
3.393116680108362870e-02
3.397150498542871044e-02
3.389758435590495972e-02
3.385208592694546187e-02
3.383642789052763306e-02
3.381251306890465519e-02
3.376999310033093615e-02
3.373535880552921279e-02
3.371838407516586367e-02
3.368309632858857566e-02
3.362538016241606309e-02
3.356250687397052679e-02
3.358387065535743676e-02
3.351502995700207654e-02
3.332514455187809976e-02
3.327794126502066352e-02
3.315821622858143580e-02
3.324368195900868905e-02
3.338859582648086299e-02
3.340739094931410164e-02
3.344900283465708501e-02
3.346712155555863627e-02
3.350086491438097197e-02
3.320855962600693240e-02
3.322408341829043849e-02
3.311193348522511321e-02
3.308563307313271140e-02
3.304896091339969838e-02
3.303418255209931292e-02
3.299079181432012370e-02
3.309772977511162700e-02
3.294554738552228634e-02
3.294032064462555642e-02
3.274798347149036892e-02
3.278491934754811793e-02
3.287890018368986450e-02
3.289038960008045659e-02
3.283897412969050134e-02
3.282583215481704730e-02
3.286485733598352305e-02
3.109353448653753849e-02
3.113434671091645095e-02
3.266707291939959651e-02
3.263317181672175521e-02
3.115136626558459576e-02
3.117555559686368410e-02
3.261944224535374276e-02
3.269011308489790796e-02
3.256323582631306945e-02
3.254704879103481607e-02
3.124113348075757690e-02
3.244847674422746825e-02
3.247838840396202048e-02
3.249306766982084510e-02
3.127805005861276216e-02
3.237996694087573457e-02
3.132866733655179786e-02
3.134468508294906142e-02
3.231911860383052809e-02
3.240159640067685060e-02
3.137404000413521882e-02
3.140274589704832725e-02
3.226951138160693427e-02
3.229316334586186665e-02
3.145780526867435895e-02
3.148524107304149361e-02
3.151669940660924846e-02
3.221616438300307222e-02
3.221016922861556775e-02
3.212415163462838813e-02
3.213035995568230135e-02
3.214269584448713885e-02
3.154283344036142717e-02
3.198767070294211701e-02
3.159506392370300260e-02
3.203324722854607176e-02
3.162308563967979047e-02
3.195203564267760227e-02
3.206246525702421274e-02
3.217846066224170493e-02
3.192156705498769981e-02
3.167899609048311499e-02
3.188251325252138696e-02
3.183805934703040630e-02
3.169972009406082925e-02
3.173931574369458219e-02
3.190082310577060237e-02
3.176340112443134384e-02
3.179672553982829802e-02
3.178022084703616135e-02
3.185579414580127361e-02
3.082879516936214842e-02
3.087395667060149895e-02
3.090737903783959822e-02
3.096384730022087167e-02
3.093208455735457774e-02
3.100879077866352737e-02
3.103042458390432509e-02
3.093832638640812288e-02
3.024502945312378469e-02
3.077156202277754257e-02
3.057586004568546567e-02
3.053218612671312546e-02
3.050158651921357905e-02
3.074684536042847360e-02
3.072381816162232659e-02
3.062632942525589375e-02
3.038233396717793244e-02
3.026100144868049124e-02
3.033398494578087509e-02
3.068828214856052228e-02
3.044430676613965603e-02
3.042131295816405748e-02
3.061310524393059257e-02
3.069157654616363334e-02
3.032068523545603661e-02
3.030365738012013796e-02
3.085303063616009339e-02
3.045298443780211292e-02
3.021568705872340263e-02
3.016427842229517722e-02
3.013302524940642685e-02
3.008589597850995501e-02
3.004189364721945518e-02
2.984271359231167875e-02
2.988066020870409900e-02
3.138636799584445841e-04
3.080970439386750874e-04
5.381288914810058965e-06
1.394020697018858896e-05
2.123876644282813127e-05
1.867228413572701820e-05
2.994014343697632557e-02
2.998879685583435636e-02
2.461572350707582637e-04
2.940805787763733480e-05
2.997779833215318337e-02
3.859263602882156209e-05
2.119224584762287376e-04
1.922682409494897132e-04
1.877834689520252573e-04
1.691035813773306736e-04
1.559685592207235561e-04
4.805142024082454522e-05
5.276224127234003890e-05
1.143117831916058583e-04
2.992541201317974048e-02
7.584180578752831674e-05
2.998161509420764828e-02
6.636319615311446387e-05
1.091222788042362250e-04
6.286128531050820382e-05
8.914499579792068351e-05
9.475700549801945331e-05
1.061493143320140203e-04
2.986592817380510217e-04
2.692963927943211352e-04
2.347099248638739540e-04
2.074090336464090968e-04
1.313542672736965047e-04
1.409699314626402665e-04
1.493752004738562779e-04
2.975597756273608979e-02
2.973395176722336622e-02
2.981641046279488033e-02
2.965035298500042979e-02
2.971261899814096885e-02
2.970085495401313808e-02
2.963506788383473561e-02
2.957753425508028236e-02
2.960845032306990213e-02
2.947895141056367657e-02
2.951100177217120049e-02
2.954286837457143627e-02
2.942380991058869341e-02
2.939339543390657311e-02
2.936211783993129820e-02
2.932221478829397099e-02
2.938029719817407751e-02
2.929434750953504099e-02
2.920824492198480921e-02
2.866941685412170010e-02
2.870365137924577731e-02
2.924391930176393345e-02
2.874035740992299248e-02
2.914390843278320126e-02
2.912693040008165410e-02
2.910631243505104257e-02
2.898955827163330126e-02
2.878743858389351540e-02
2.879568615784780863e-02
2.903260172108433623e-02
2.881201342507271057e-02
2.891570783729327521e-02
2.905243963852526326e-02
2.888487413639308568e-02
2.907983976133670864e-02
2.888884825105855411e-02
2.887030052513734485e-02
2.894596840327621698e-02
1.732993961186296463e-04
2.721228262136391927e-04
2.853031051303906579e-02
2.857490761800465795e-02
2.865524111137071964e-02
2.860162863970421368e-02
2.206840469118937116e-04
2.306632171159107641e-04
2.584001012615436306e-04
2.763361821587779349e-04
2.904859893036120617e-04
3.449028929415153379e-04
2.849728376100605157e-02
2.848516453525381034e-02
2.846372261435818618e-02
2.839202255637010910e-02
2.841985695279751131e-02
2.834356470473941778e-02
2.806209780592400921e-02
2.832905104127830115e-02
2.810958873933760635e-02
2.808749031646038535e-02
2.830442200638809414e-02
2.819717639987332977e-02
2.817355902915004776e-02
2.825779185862377710e-02
2.813837756281004424e-02
2.825386533213041645e-02
2.829209615964525457e-02
5.332605747708096420e-04
3.265936286249757721e-04
3.360951835986343561e-04
4.495028272923321400e-04
3.519182609911215105e-04
3.578893884143888294e-04
3.678432248734473048e-04
3.795035135939902010e-04
3.756455309318156824e-04
4.222388012919751736e-04
3.901604432548322170e-04
4.016425220116192751e-04
4.110274552583967973e-04
4.054767522190408998e-04
2.798560136082146529e-02
2.816085923488094098e-02
2.796673541133428212e-02
2.794379700596271929e-02
2.791849566464183266e-02
2.787000824420956743e-02
2.778758367537513194e-02
2.783693207236540360e-02
2.776934703400664450e-02
2.785550841285788781e-02
2.764649113872902700e-02
2.772712707036449620e-02
2.761037682752388867e-02
2.758256367912241894e-02
2.770344324534918315e-02
2.771631915967370449e-02
2.755035505119812420e-02
2.698456018172580920e-02
2.750572288783472916e-02
2.752372801671055386e-02
2.748168776616290859e-02
2.741976588387403865e-02
2.739100228725537683e-02
2.702788399181041065e-02
2.705089088593803232e-02
2.707001406798473925e-02
2.708981195560837552e-02
2.711922559422498546e-02
2.737012914883288350e-02
2.734847803173660191e-02
2.730008537487765147e-02
2.730573027568965541e-02
2.715777496325711207e-02
2.726985819121757748e-02
2.717468661002802113e-02
2.727289308837985149e-02
2.720880610723571888e-02
2.722637879100891709e-02
2.721307172960736251e-02
5.415951730775874938e-04
5.127121984367817836e-04
4.360215088723589424e-04
4.550792044821418830e-04
4.441930413809835540e-04
4.480590340478111749e-04
2.683248632054781313e-02
2.689286241326268451e-02
2.691086601650946944e-02
2.694470136375079136e-02
4.679190118721771952e-04
4.796857780311529983e-04
4.902566736266402575e-04
4.931176061453107582e-04
5.005655871129838968e-04
5.281666241075379459e-04
5.638838861686893680e-04
5.538529062400726448e-04
2.677152127135342535e-02
2.681066809561265252e-02
2.672242702314973212e-02
2.668091520257172625e-02
2.657559913061619331e-02
2.643525466410654584e-02
2.650161510829770681e-02
2.636545748924900082e-02
2.675780518109226180e-02
2.669655410115891539e-02
2.661441931935643046e-02
2.648113619720156298e-02
2.664263034958469500e-02
2.637689664668622924e-02
2.652996868528078103e-02
2.642282408835622612e-02
5.738279165257316721e-04
5.915727123122931953e-04
6.842734046131086420e-04
6.025691096065286705e-04
6.122537543218296028e-04
6.573349305480270669e-04
6.750514230637022061e-04
6.731454016697658010e-04
6.440357182630621416e-04
6.390153621830288412e-04
6.206149488351430689e-04
6.257898594630776062e-04
6.048445360936522157e-04
2.627408118447958907e-02
2.629732607284714779e-02
2.631310252314393930e-02
2.620008550029653480e-02
2.614951000806490025e-02
2.623854175118035467e-02
2.618772294938196549e-02
2.609988605293010397e-02
2.601911470409446966e-02
2.604373828675685815e-02
2.606314860165844308e-02
2.600452115475388598e-02
2.593506671805916042e-02
2.541074093364281000e-02
2.539589089512791359e-02
2.544951864177974477e-02
2.550402283199415185e-02
2.592178982759785547e-02
2.590046028153609320e-02
2.588650847911079175e-02
2.584065871618023216e-02
2.583784246234544987e-02
2.577515423701069383e-02
2.560829648524112073e-02
2.575115581634743536e-02
2.555855031955298756e-02
2.554295416338138100e-02
2.554661727347705066e-02
2.565019331258498042e-02
2.568733800729525174e-02
2.557159899153151061e-02
2.572631205626788389e-02
2.574073817020327767e-02
2.567616082023377669e-02
7.172291870098526992e-04
7.002729806286788925e-04
7.436171724644852037e-04
2.534950278508362256e-02
2.528693076940922990e-02
2.525651601913665029e-02
2.530807602358080971e-02
7.266860881226202456e-04
7.351156063125725750e-04
7.452457033761399497e-04
7.574553381346731248e-04
7.683042407446226234e-04
7.781395928857450135e-04
7.744205876647025470e-04
7.968566914380567417e-04
8.082854219401936716e-04
8.410886986772880434e-04
8.297598285751901304e-04
8.127266589897949676e-04
8.175297893692687334e-04
2.519322482802862501e-02
2.515428870169064343e-02
2.524272454170311750e-02
2.493455962449254298e-02
2.512920773412830738e-02
2.490035544909708146e-02
2.503386461259263229e-02
2.505896459210499305e-02
2.499797133519522305e-02
2.497606060400114555e-02
8.514245647556228404e-04
1.022773742042954251e-03
8.626101199349845610e-04
8.691329474974309908e-04
1.002035151626927455e-03
8.828692447264125222e-04
9.032938241826132158e-04
9.055873562256517477e-04
9.897702965739332229e-04
9.330041512280353843e-04
9.147077261084361364e-04
9.395998973430765271e-04
9.726816870540069826e-04
9.671552109146813693e-04
9.520800213707494679e-04
9.545540463997184135e-04
2.508217656794291262e-02
2.505165173162808567e-02
2.486359980375776879e-02
2.484585102846462515e-02
2.484067024844624147e-02
2.480035496383348539e-02
2.476884936277761948e-02
2.474218437544719804e-02
2.471144891344759925e-02
2.467915025812597585e-02
2.401641477964784610e-02
2.464296208874030072e-02
2.449681264834613348e-02
2.461305450667825023e-02
2.454852370227856781e-02
2.456506914626841245e-02
2.459230843996378785e-02
2.403853104837991306e-02
2.405695844346801907e-02
2.452298105874969880e-02
2.445503434006551791e-02
2.443218923808058995e-02
2.460738506586003169e-02
2.440136161688693031e-02
2.412913885196730709e-02
2.430996975313594322e-02
2.413853757872683539e-02
2.435253740489096153e-02
2.419096966792234210e-02
2.422169876285026197e-02
2.437787140954877571e-02
2.415245902475164283e-02
2.420159359548451281e-02
2.425469330729712603e-02
2.436937076598108542e-02
2.427186712450030495e-02
1.014872681415600374e-03
2.397324987160073459e-02
1.112230200902023826e-03
1.036235202801535265e-03
1.051809061830416342e-03
1.045806343573523617e-03
1.076322622572566850e-03
1.067188847233609171e-03
1.071019875260364714e-03
2.375987848717086778e-02
2.390810774218326759e-02
2.384772869536544090e-02
2.381881207898388711e-02
2.388835206032402167e-02
2.387402912884982117e-02
2.398918282460149251e-02
1.090809318044969577e-03
1.088052232061203313e-03
1.126507240816749687e-03
1.140283983560168172e-03
1.146433654903760216e-03
1.163124316550755198e-03
1.176848834449570943e-03
1.193202785147900883e-03
1.174805368014979938e-03
2.328137734784006471e-02
2.371328781310811512e-02
2.378634781875357818e-02
2.332587291367139992e-02
2.335523885977341604e-02
2.355714599693810307e-02
2.366211142941430576e-02
2.348586939202964782e-02
2.344786898643049997e-02
2.362700580893992847e-02
2.353033955060940957e-02
2.342990250922723575e-02
2.337965845445312205e-02
2.382677586191233807e-02
2.351699371961981158e-02
2.364849021622177777e-02
2.340135214317257129e-02
2.350900294392520989e-02
2.365075313700825202e-02
1.185964322147230405e-03
1.220829850840125883e-03
1.232640115302859616e-03
1.301084408656280351e-03
1.318992947882253325e-03
1.321014402507306911e-03
1.290581150010574772e-03
1.242358660523666192e-03
1.275049859164230533e-03
1.262818759341473134e-03
1.252753312882471780e-03
1.247756273072833915e-03
1.259400083803222754e-03
2.324190505883058991e-02
2.322947162837468021e-02
2.320242330593064520e-02
2.319529692296568024e-02
2.249726916452361725e-02
2.254220855276472396e-02
2.300194396531570276e-02
2.304759696039294578e-02
2.303462859092372805e-02
2.310440038137799579e-02
2.315659407633274824e-02
2.255662473470483598e-02
2.316232817824047385e-02
2.313649956583537989e-02
2.296681490704415365e-02
2.293823657708640024e-02
2.262264108282156794e-02
2.287881183984719763e-02
2.282189022725579844e-02
2.286669485456309728e-02
2.277208576130859696e-02
2.284227490682261275e-02
2.312137368791921874e-02
2.274374028067123812e-02
2.263527524987618555e-02
2.265983400133304154e-02
2.277606476431726437e-02
2.264860841839877459e-02
2.266603867235708614e-02
1.496022466948594871e-03
1.351318187237446691e-03
1.360999752501191457e-03
1.374094041135086189e-03
1.381787565850122607e-03
1.389514871849698019e-03
1.340208016876583965e-03
2.242726395408196557e-02
2.240174779855448259e-02
2.236398992621136880e-02
2.247892747361992724e-02
2.248554668053446420e-02
1.414673412129118782e-03
1.421921540375120337e-03
1.429283247394447535e-03
1.456833555463850956e-03
1.489809623516260683e-03
1.462958248318153246e-03
1.468348314690516880e-03
1.467165055041581194e-03
2.234910191474185834e-02
2.233051889101362458e-02
2.190976423322727254e-02
2.194984993870163423e-02
2.231520086891698035e-02
2.197894247147421515e-02
2.224073642198526324e-02
2.219360935223600381e-02
2.206618927655008833e-02
2.211681644600189262e-02
2.229002361077757691e-02
2.222686426933365156e-02
2.213656535200236863e-02
2.228685185618110506e-02
2.201212896377948910e-02
2.208855391432390514e-02
2.207352239678856895e-02
2.218935499534620270e-02
2.214445584462450614e-02
1.509348843717664510e-03
1.665649111861539945e-03
1.654880536162074440e-03
1.640882771580237176e-03
1.513738064658236380e-03
1.522109419852882501e-03
1.553689939425594848e-03
1.541670204157705041e-03
1.527440316742086253e-03
1.537588765731504568e-03
1.624623824418878820e-03
1.573471374201702508e-03
1.612007436463481829e-03
1.579486667755879842e-03
1.588069197607532013e-03
1.597204876077899533e-03
1.599966742069333907e-03
2.198688417397510336e-02
2.188857657484370722e-02
2.185103668886757139e-02
2.192438268966258319e-02
2.180736539411205765e-02
2.176650454222483697e-02
2.175130208618320307e-02
2.171855992992500692e-02
2.120884018874536620e-02
2.172542141768623800e-02
2.122492791720754710e-02
2.126095809787664423e-02
2.125392986098496514e-02
2.164855140854347534e-02
2.165257554563808709e-02
2.174237604730436257e-02
2.161897345541861568e-02
2.141460484558464772e-02
2.132867643157872542e-02
2.157322559173901685e-02
2.144568839704025925e-02
2.137853748021640091e-02
2.136091654808189993e-02
2.150752820357299672e-02
2.159968195486073120e-02
2.154850216182070330e-02
2.146531094135427364e-02
2.133864518641589991e-02
2.152633706865645508e-02
2.146725427916849546e-02
2.154351414179227556e-02
1.687160551487899667e-03
1.699719979526226115e-03
1.670148214606280868e-03
1.710051981680168120e-03
1.721942594345480561e-03
1.729074527534408016e-03
1.733270688673181062e-03
2.109610581737240628e-02
2.107719300842748195e-02
2.105569645407574103e-02
2.115517788790333836e-02
2.115929873332903638e-02
1.759899073671403061e-03
1.766514001930600923e-03
1.774217045670072133e-03
1.790189291733318899e-03
1.833245742864704920e-03
1.797222091748051226e-03
1.785574233530124767e-03
1.858450099674657623e-03
1.814873591956516407e-03
1.808295180478463899e-03
1.839495799988338396e-03
2.066219212742017447e-02
2.093403750493011070e-02
2.096514880427747390e-02
2.088774424601446203e-02
2.100317115183063590e-02
2.071032657884277692e-02
2.085818879010642099e-02
2.083404109479383010e-02
2.109010941086396362e-02
2.101234591121399833e-02
2.068392030716354954e-02
2.079553464964821810e-02
2.074440699859044640e-02
2.075263805907511666e-02
2.098387651496452788e-02
2.076529263066643691e-02
2.084645069806317225e-02
1.871977052785585077e-03
1.877890146980473480e-03
1.887164274861075726e-03
1.896702386915625083e-03
2.026403215537078174e-03
2.041597309551779205e-03
2.009018358061384363e-03
1.914032577358461794e-03
1.994714712619975912e-03
1.923784440750417931e-03
1.938311118744445770e-03
1.948128455153697643e-03
1.952911739073421703e-03
1.978481302055124218e-03
1.976688605685067088e-03
1.962190598456238499e-03
2.056725227660552435e-02
2.059297051579677892e-02
2.060901470390534909e-02
2.057997670092108142e-02
2.053256109055401346e-02
1.997692203341977155e-02
2.000720897415462010e-02
2.004312508077113128e-02
2.046154951128608887e-02
2.048966996121549464e-02
2.042815380354657054e-02
2.041737177976833337e-02
2.044167046035471821e-02
2.034373443943373466e-02
2.007471946534381338e-02
2.049709621465109488e-02
2.028072902796088442e-02
2.038384877381250321e-02
2.030937953988983663e-02
2.009126042320433236e-02
2.024264889548004973e-02
2.030170475759304760e-02
2.020760245189074170e-02
2.022418639403034471e-02
2.017704125671239065e-02
2.015537117216631077e-02
2.015784241181403993e-02
2.064407841760094661e-03
2.087614932445747140e-03
2.005624285502222680e-03
1.982337840588996314e-02
1.985980221394158252e-02
1.986961916394387045e-02
1.989685014552431547e-02
1.990433342762491092e-02
1.999148638341316508e-02
2.085923649597415733e-03
2.105174714482621525e-03
2.136995672445131736e-03
2.150070062836266591e-03
2.121225893166764961e-03
2.117547902152692833e-03
2.161121397900026084e-03
2.173557457061173204e-03
1.949146599957939097e-02
1.955789908419035272e-02
1.957474494486225944e-02
1.979595450192847897e-02
1.976625878146528667e-02
1.967689975059429275e-02
1.951026408142198659e-02
1.964683668165567720e-02
1.992074875142599635e-02
1.965407890880020367e-02
1.972768969614948145e-02
1.973096182445089122e-02
1.962089994927794165e-02
1.978320617067205744e-02
2.182977159162668730e-03
2.190820220759909058e-03
2.197369465415837612e-03
2.213207912984163986e-03
2.223293744946691023e-03
2.233727933422370235e-03
2.355862966008349067e-03
2.247354949306118975e-03
2.335197538687370979e-03
2.323081589695596017e-03
2.324388396421219350e-03
2.289959909804914831e-03
2.299969997138302715e-03
2.275566998180153250e-03
2.270901810975491271e-03
2.261972393566080014e-03
1.955076922391247793e-02
1.945112735465688233e-02
1.940992232270941434e-02
1.943922477543999147e-02
1.933658952531164960e-02
1.936516072575315134e-02
1.938909774441421180e-02
1.938133439883843456e-02
1.887527701500030936e-02
1.889777352027947194e-02
1.927964446831497217e-02
1.930455044631680661e-02
1.925466910615962132e-02
1.922282877545552701e-02
1.894504707623573259e-02
1.911988299055653040e-02
1.905663891632802115e-02
1.918535279955572992e-02
1.916379900504435949e-02
1.917852947542922695e-02
1.914907490379101629e-02
1.909250810524408537e-02
1.897114843976287907e-02
1.903801357543439057e-02
1.899120718429257032e-02
1.897873355019057129e-02
1.903363915434811912e-02
2.377788495056349684e-03
2.370971552367371390e-03
2.398338319029597304e-03
2.409603462964201009e-03
2.402287410296220088e-03
1.879196460423685974e-02
1.883450847105768919e-02
1.877671281592304189e-02
2.418951379774994786e-03
2.427951190569684840e-03
2.447692871355478667e-03
2.466892266308444957e-03
2.481082122631134319e-03
2.474211603124276682e-03
2.499608784172835559e-03
2.518622513531619880e-03
2.530158756568849469e-03
2.545567044211553571e-03
2.526031815110780284e-03
1.873787451140359814e-02
1.874947910269586862e-02
1.871300364837281960e-02
1.863027670046614459e-02
1.852793564645598828e-02
1.855702133752816854e-02
1.850981828262611775e-02
1.849176469864025063e-02
1.863641614370118577e-02
1.866348754809036767e-02
1.856293524591906899e-02
1.864805996781723069e-02
2.559306099684760354e-03
2.554997386476093139e-03
2.583718244901419929e-03
2.736318101935143222e-03
2.591994111323340979e-03
2.602978607903214895e-03
2.654663380829232981e-03
2.633213653248589903e-03
2.716974526029084045e-03
2.616808547561035991e-03
2.669229031628702654e-03
2.695580255480340380e-03
2.704140044109269031e-03
2.707708432273057270e-03
2.682525369719608067e-03
2.688465664822969371e-03
2.619859838567927760e-03
1.844430933985454629e-02
1.843365034829504492e-02
1.841409870132102583e-02
1.848382738613978810e-02
1.838268229558137276e-02
1.829839122961861991e-02
1.829054412549617134e-02
1.832213022517886411e-02
1.831875603899795618e-02
1.828326035022981300e-02
1.783888243685734232e-02
1.825362821953561282e-02
1.821492353540762540e-02
1.819334198173328324e-02
1.785554643520928172e-02
1.816741665477753648e-02
1.815530301300078211e-02
1.811898562193871992e-02
1.788327231812243331e-02
1.801794779100467439e-02
1.797080291702685129e-02
1.804641514547169687e-02
1.805795282738973870e-02
1.807058175090373725e-02
1.798516874704688198e-02
1.824904312268570833e-02
1.791388450922686698e-02
1.794064170676342579e-02
1.793666162211257284e-02
1.791693782560051240e-02
2.762692138929187351e-03
2.749962581961396500e-03
2.779298477115719253e-03
2.780650137668389237e-03
1.777282516584322708e-02
1.779906707200897345e-02
1.781815519234911452e-02
2.803241547424189465e-03
2.822533305168825439e-03
2.836511868807896613e-03
2.853579221433150646e-03
2.841172160217065625e-03
2.908850561432866060e-03
2.885619316988863401e-03
2.883858376092247183e-03
1.773933481332111081e-02
1.757094348174209272e-02
1.752308728003125829e-02
1.769175394255779674e-02
1.776349624034580937e-02
1.761033261354398929e-02
1.771009886512386541e-02
1.766750679288000073e-02
1.763987951749670935e-02
1.761778521861353045e-02
1.763247560602239708e-02
2.897114279138802463e-03
2.914940520753994593e-03
2.929289429515774795e-03
2.935619311820329529e-03
2.975152644234671691e-03
2.951023830963924073e-03
3.088685277155734429e-03
2.989913132751676698e-03
2.961109806040033293e-03
3.095210934341513596e-03
3.059978259551809389e-03
3.012626218314924751e-03
3.046031448675793826e-03
3.025089580684894169e-03
3.027954755232683919e-03
3.038609834443783009e-03
1.742861207364957907e-02
1.739248336796938438e-02
1.740039504210149496e-02
1.748449535196497026e-02
1.747592378988837430e-02
1.751381737565081698e-02
1.751266500870605342e-02
1.677371956800059391e-02
1.678992584028903348e-02
1.733175713641610730e-02
1.682287574227554414e-02
1.683378702966953008e-02
1.731861721630646722e-02
1.730603568063717942e-02
1.735759761268595644e-02
1.728642631696898982e-02
1.687418717760485326e-02
1.689383792152256841e-02
1.726882417886474799e-02
1.691931884918971424e-02
1.696033026868829993e-02
1.697355339632547477e-02
1.725059438831104755e-02
1.719254659470304675e-02
1.717348479990331647e-02
1.722907249525382559e-02
1.716563182997572073e-02
1.710215510887031984e-02
1.700742745636664097e-02
1.713133870916484780e-02
1.724188365218290789e-02
1.702461225940549161e-02
1.704730040883785727e-02
1.708421725057042428e-02
1.701763821820057726e-02
1.705512494741649385e-02
3.160275908268114515e-03
3.120051484761540359e-03
3.140794204144937637e-03
3.131494458925372822e-03
3.123063962900681639e-03
1.660150578932811233e-02
1.661662745474876829e-02
1.666873865980548347e-02
1.670365254088043705e-02
1.672075419297216342e-02
1.674079084850239527e-02
1.671274356716566031e-02
3.229680450705003231e-03
3.203532508881363518e-03
3.172309085022338021e-03
3.178073433904171283e-03
3.177050049978184625e-03
3.255906333455079772e-03
3.208401887505195685e-03
3.198712508671898696e-03
1.635508514383208004e-02
1.653988071792671447e-02
1.651397287753478965e-02
1.650080006048278147e-02
1.637304610040803479e-02
1.639699770040100452e-02
1.643989482629086563e-02
1.657212275219387479e-02
1.640311507390454157e-02
1.657035046262686495e-02
1.644958635562943430e-02
1.648445457802693095e-02
3.285921599289728760e-03
3.276878012038141746e-03
3.299423942557865638e-03
3.330389074294276899e-03
3.342117303266956604e-03
3.304616380002949917e-03
3.361588081869506389e-03
3.359883750508546509e-03
3.372145934877541270e-03
1.633807905190304624e-02
1.627746721739972355e-02
1.629805287141584610e-02
1.628270421396558684e-02
1.623877420732479024e-02
1.622023540275401368e-02
1.585548817187440104e-02
1.588978053105561533e-02
1.590149522791221848e-02
1.592313760202511766e-02
1.619596203869940951e-02
1.595302266273333422e-02
1.617927830583010262e-02
1.614498727041356954e-02
1.616769271240387287e-02
1.612813935145178401e-02
1.602674259773350512e-02
1.609770710846515976e-02
1.607679409351913183e-02
1.601263425181441782e-02
1.597808246102489990e-02
1.597708456336555116e-02
1.608036041219311485e-02
3.464313301687786846e-03
3.406469726962096933e-03
3.409848234175775605e-03
3.452323697536424218e-03
3.380865904799263549e-03
3.442954503831335399e-03
3.427754887161076243e-03
3.427154574728353414e-03
1.573615856556700651e-02
1.578238269749159678e-02
1.581313014577907100e-02
1.583290276790544002e-02
1.576893635765186027e-02
3.477582732404425198e-03
3.494338494623204418e-03
3.517811577387755257e-03
3.551260883537962938e-03
3.532077255170674307e-03
3.526391673466113853e-03
3.560849941108375737e-03
3.499361829984886253e-03
1.547919551340388826e-02
1.552209459662358751e-02
1.562863879720385180e-02
1.566722050638743799e-02
1.570062262723114291e-02
1.570590770830059685e-02
1.557687788562218782e-02
1.549270306693785806e-02
1.556287198277244398e-02
1.560724736851729078e-02
1.568627247114441278e-02
1.565343693865050081e-02
1.556615427724971842e-02
3.591082610390138388e-03
3.583151155908761293e-03
3.783022701715082776e-03
3.750412243077424785e-03
3.721392544632279396e-03
3.617449175016866896e-03
3.643322588792873452e-03
3.628344662367226532e-03
3.622478295297804161e-03
3.708674306123057804e-03
3.693978111544290403e-03
3.704105091788597193e-03
3.679127914281952148e-03
3.664874515094317716e-03
3.668419632248932048e-03
1.545120111718730101e-02
1.541202432984265826e-02
1.536082916589353621e-02
1.539091388943221624e-02
1.538932812435971596e-02
1.491728107864779759e-02
1.531046415926806160e-02
1.527683244227428551e-02
1.535318665161121941e-02
1.525699228371146798e-02
1.495509189875115531e-02
1.496479223205497873e-02
1.535024979752354704e-02
1.519981262693889321e-02
1.521963560616123624e-02
1.500895576487047516e-02
1.506403446727165932e-02
1.517412073742163345e-02
1.512512156141866335e-02
1.524019525711916428e-02
1.504162987861138757e-02
1.502540582817674455e-02
1.499679885780296970e-02
1.514794087559171581e-02
1.509806255142227653e-02
1.508912021247461356e-02
3.833096943865070549e-03
3.796983523942249264e-03
3.819003918395898894e-03
3.768353818606815474e-03
3.787162332664563598e-03
1.479811219019822738e-02
1.482289545491922295e-02
1.487059606124197138e-02
1.489907877971654443e-02
1.491034411222691078e-02
3.853806459525549542e-03
3.868930448205088520e-03
3.875384102020870865e-03
1.455788766926303240e-02
1.458081644621868692e-02
1.476793839610814063e-02
1.463936322993666765e-02
1.472171256553852711e-02
1.470824560561276480e-02
1.462834812502839150e-02
1.459591071079062788e-02
1.465399697813225821e-02
1.467857211394591258e-02
1.474027746572443773e-02
1.481136998410996670e-02
1.476180386150579074e-02
3.897729694084611785e-03
3.907431910635249771e-03
3.927837090154778603e-03
3.943830723982480468e-03
3.947893468851133326e-03
3.901216311852337675e-03
3.963337254373262841e-03
4.146269672812919263e-03
3.976293363546093938e-03
4.127711572653757800e-03
3.997822386701382555e-03
4.003444637694627238e-03
4.101803800855743053e-03
4.021221530462761561e-03
4.029228487851483319e-03
4.044659913956084353e-03
4.083583986182475964e-03
4.072793123153547155e-03
4.066786732440879834e-03
4.059663470440318458e-03
1.450926519028610320e-02
1.452161077969228893e-02
1.452859635883563608e-02
1.447997218561946492e-02
1.445008963126222061e-02
1.414375759412239350e-02
1.415171497482407663e-02
1.442446717701796784e-02
1.440574380587761501e-02
1.432229085917141424e-02
1.436005508475110028e-02
1.440005214960545475e-02
1.420398015869163422e-02
1.429619321880917782e-02
1.437135818780701201e-02
1.427973651325086489e-02
1.424997691229275970e-02
1.422578697428074010e-02
1.424382975168146832e-02
4.172213359641342018e-03
4.120289404557182095e-03
4.159195934544706458e-03
4.162987452131647163e-03
1.403633134349797223e-02
1.405230481291769654e-02
1.409916320755028735e-02
1.409157598434514734e-02
1.408766665303384097e-02
4.191423748120506193e-03
4.200879650877882218e-03
4.219514009378237500e-03
4.287102406100509223e-03
4.300421059949803386e-03
4.266156569826545439e-03
1.401455609867668234e-02
1.387443432355573228e-02
1.390855970499903053e-02
1.395819601112728049e-02
1.393938941638507567e-02
1.388486373156109892e-02
1.398277881837857103e-02
1.393563389851336549e-02
4.272314689507457353e-03
4.313476670273521697e-03
4.327083674093425841e-03
4.517506708195187515e-03
4.490760114629585228e-03
4.344806833735188195e-03
4.464599637166961205e-03
4.358563521667561773e-03
4.369798717720536907e-03
4.451839003212334882e-03
4.447338355181099274e-03
4.376007273236092072e-03
4.425410184418256988e-03
4.378977644966000789e-03
4.395250370518994677e-03
4.417169756781761693e-03
4.400456118304262726e-03
1.382203059574604875e-02
1.384379813625524237e-02
1.383940193882927591e-02
1.380510981788044683e-02
4.409916403679736176e-03
1.376483283331677958e-02
1.377175084330159449e-02
1.372879724220525503e-02
1.369020903918993261e-02
1.371573066164368665e-02
1.334573771565518256e-02
1.370653273175466251e-02
1.332912316870446014e-02
1.369722459208486814e-02
1.365257405686384935e-02
1.338248633555878461e-02
1.360624769027567876e-02
1.364119930250475010e-02
1.358335929997878458e-02
1.344890074553429550e-02
1.342922653583193508e-02
1.348403516282244835e-02
1.347662353956786616e-02
1.341631448067389168e-02
1.354824718830617385e-02
1.353093460072487403e-02
1.352138204941677468e-02
4.557627766178964750e-03
4.549579869603632802e-03
4.533191560221198207e-03
4.505288239313180905e-03
4.497823852651938389e-03
1.328720987993366534e-02
1.331101538382670375e-02
4.582470071361033348e-03
4.607697777042785159e-03
4.653514978784842326e-03
4.630365099921963067e-03
1.325777824324503480e-02
4.707061988466856341e-03
1.323755342670191945e-02
4.599444829213170625e-03
4.632644278308822167e-03
4.656780968139243373e-03
1.317094558667725873e-02
1.313228068377346631e-02
1.314993834890479558e-02
1.316318635092138083e-02
1.318928006717547813e-02
1.309524047857179088e-02
1.313987050837874156e-02
1.306573426031094887e-02
1.270514485597149315e-02
1.304474374754065712e-02
1.275439864978421788e-02
1.302790353536024438e-02
1.305148323717022357e-02
1.278933897483511967e-02
1.299855391807201374e-02
1.281459417538274859e-02
1.282931840778837526e-02
1.284773555106263551e-02
1.288366142180918245e-02
1.287640729894292020e-02
1.291627679030079093e-02
1.297047479509378168e-02
4.684541020322099437e-03
4.690245691761870013e-03
4.728673648870510351e-03
4.715831912358483223e-03
1.295515927547497698e-02
4.993962190248524627e-03
5.009773108859444379e-03
4.754948078690112746e-03
4.761159219303178099e-03
4.773430107524375202e-03
4.969380847850591622e-03
1.294440821990048424e-02
4.789968846164998663e-03
4.934546354268386920e-03
4.830158854387728296e-03
4.950220926070316753e-03
4.864854667651370874e-03
4.843158363356132694e-03
4.913088664180885988e-03
4.953420468857269027e-03
4.881849766648323555e-03
4.903188841866609575e-03
4.850369970284079853e-03
4.809962682374789578e-03
1.295125833908549427e-02
4.800804014334425669e-03
4.802379129944578384e-03
4.896548047740101502e-03
1.266075612588131102e-02
1.267532239694591639e-02
5.074990089941086406e-03
5.041922881607784068e-03
5.020555342142861248e-03
5.036996136461308581e-03
5.151110335958796783e-03
5.142311458925352685e-03
5.115847597263754702e-03
5.106385517092927248e-03
5.167811938468094488e-03
5.084407779637815233e-03
1.247786083886648009e-02
1.262109183895679387e-02
1.258182936583284936e-02
1.252299179379151237e-02
1.256182116570412656e-02
1.269244216045343696e-02
1.265220607127387140e-02
1.258765589733713310e-02
1.252005641890803836e-02
1.254490934805269076e-02
5.193771156423387068e-03
5.207518804569394137e-03
1.249538148067913003e-02
1.243976580091496649e-02
5.216875494481593850e-03
5.389702093107469338e-03
5.370306186279780701e-03
5.368670800726019210e-03
5.238776545319346646e-03
5.349514857589178149e-03
1.240569517557313373e-02
5.344122900562671939e-03
5.249570856756836761e-03
5.315655846171269197e-03
1.239009662504037858e-02
1.237916928656293200e-02
5.293883899110137133e-03
1.236424412548123818e-02
1.235112218001462384e-02
5.302093360644271301e-03
5.265266326769019178e-03
1.212814715668250089e-02
1.232175127680534311e-02
1.231759551217251510e-02
5.276975354886024802e-03
1.215509938484799629e-02
1.228979547598714125e-02
1.216983891579564818e-02
1.226779674178817003e-02
5.269213240038731101e-03
1.220631665574296691e-02
1.224618761200076469e-02
1.219717266619945069e-02
1.227770960649513486e-02
1.218142643104183978e-02
5.436127843950607982e-03
5.424032767919700557e-03
1.208099973958668208e-02
1.210096053883803237e-02
5.443567818156324657e-03
5.427644150336565811e-03
5.468122151895787354e-03
1.207388627341931392e-02
1.206140790076111816e-02
5.529575203039037087e-03
5.483833081189493953e-03
5.541250770231759618e-03
1.203367453768919813e-02
5.508295261063113693e-03
5.499281907659915938e-03
1.192109728047946980e-02
5.413829118564530800e-03
5.565878263387827839e-03
5.562225249702451059e-03
1.199709208885591134e-02
1.201468672449281655e-02
1.196233079996436230e-02
1.200697170657898973e-02
1.194084504184171960e-02
1.190607110804113924e-02
1.196715159849220944e-02
1.187751831470774087e-02
1.185420982086030431e-02
1.181280910368207385e-02
1.182046605414895264e-02
1.176916744618522817e-02
1.171860137223226100e-02
1.175367350327916928e-02
1.173632786644242774e-02
1.167646890726219133e-02
1.168541855347837027e-02
1.165178317985834933e-02
1.186265636782310624e-02
1.145080778000114909e-02
1.176142719727799046e-02
1.162194949886836276e-02
1.146514752839128751e-02
1.159874878654265119e-02
5.587971248207382335e-03
5.597023631008266054e-03
1.148699498564748588e-02
5.614298014842704528e-03
1.158774173727421600e-02
1.150176957312864547e-02
1.150675876963560933e-02
1.153371718956978063e-02
5.937764611699867731e-03
1.154353749098065499e-02
5.635586145926783398e-03
5.921212181172100242e-03
1.157401110137253747e-02
5.641930528871083074e-03
5.650701552633845097e-03
5.904162206326423953e-03
5.873954072499885243e-03
5.880981600274521465e-03
5.854965864835517605e-03
5.686227181184658717e-03
5.831349192557630859e-03
5.664351349682724378e-03
5.725371419039219055e-03
5.824411598871056736e-03
5.748613128093107809e-03
5.765082857511765954e-03
5.707595291750365389e-03
5.814087348206650914e-03
5.710938978273091479e-03
5.663581707653188649e-03
5.794108512288690706e-03
5.756049457930117498e-03
5.796398454942734008e-03
6.003922972074456597e-03
5.986651536031419724e-03
5.950826215247411247e-03
5.974856890837186747e-03
1.132582127685652709e-02
1.133281683755236156e-02
1.137316986360575183e-02
5.957577568087081207e-03
1.138289719319067472e-02
1.140460883140141310e-02
1.142344131005118384e-02
1.142546460509474837e-02
6.046370625813158803e-03
6.027894939934603027e-03
6.091626659237113842e-03
6.099728250349105603e-03
6.112853073368279891e-03
6.065034823960402909e-03
6.073305137061303476e-03
6.138372655283192737e-03
6.150191969868795683e-03
1.108314441109042002e-02
1.119636474526937084e-02
1.129967019438193887e-02
1.129184121724208754e-02
1.120784230231368708e-02
1.112844569624943034e-02
1.116170745444359895e-02
1.115527457634592212e-02
1.124548493183855080e-02
1.113360902701162128e-02
1.109380860609868701e-02
1.126190262754465238e-02
1.125237595174071251e-02
6.163155792251115428e-03
6.176868941849329719e-03
6.195664801464828564e-03
6.214754758497510745e-03
6.222764588712259050e-03
6.227374039599836361e-03
6.253177556262503461e-03
6.289122936177080590e-03
6.259818584803133329e-03
6.316143207521034836e-03
6.324521961356788929e-03
6.319029036750671395e-03
1.105413419546810196e-02
1.104873873176731407e-02
1.099141735921709516e-02
1.096277477046086676e-02
1.095665980851749481e-02
1.094765300511148752e-02
1.092439912378381957e-02
1.091175254886651499e-02
1.089514101285877883e-02
1.059765505330044835e-02
1.061056119985812583e-02
1.063441063827108221e-02
1.064647808874927618e-02
1.086776735597450028e-02
1.072567052002391594e-02
1.083043905980614861e-02
1.067140882694876149e-02
1.075481837952072493e-02
1.084445568898784011e-02
1.077628971165679045e-02
1.074112409764787709e-02
1.081851787388881173e-02
1.080800642723151427e-02
1.069533311573353344e-02
1.068920959493276958e-02
1.079469090292033313e-02
6.355213797505874021e-03
6.364973991857398629e-03
6.386637868780406686e-03
1.050021266668418538e-02
1.052985178775040290e-02
1.057809226094900100e-02
1.058750944293271670e-02
1.054179006031237022e-02
1.054532697459551610e-02
6.401544828000707392e-03
6.411647723792179322e-03
6.452754952445777410e-03
6.445588442188842325e-03
6.469220828262731322e-03
6.473367516628058746e-03
6.504294960160570717e-03
6.508030477118213579e-03
6.521135137663640856e-03
6.546959265412938787e-03
6.558995539898653318e-03
6.561872575765574818e-03
1.048229242289361665e-02
1.046963032076399583e-02
1.045189071630272040e-02
1.044105596753941607e-02
1.041460174066847003e-02
1.039456453491162738e-02
1.028752903034076301e-02
1.031613795428281549e-02
1.032644767700174535e-02
1.033679547112281716e-02
1.040487320381293899e-02
1.037819958724319619e-02
1.035362499931111700e-02
6.428933498819879890e-03
1.027599702815713660e-02
1.026124366007874836e-02
6.583581060195495965e-03
9.786583662818881119e-03
9.817420640789324693e-03
9.850202431397945754e-03
1.009507282632545952e-02
1.006131580798638389e-02
1.006801447696391121e-02
1.009852422743299713e-02
6.603245382719509504e-03
6.623350631914676039e-03
9.869287812110900254e-03
9.931031265729806101e-03
9.960660343260586275e-03
9.887812788498711800e-03
9.914103693335146739e-03
6.631830146034700842e-03
9.990600850652007689e-03
1.014672600808303078e-02
1.013485708666692423e-02
9.897788212152478990e-03
1.002129218006007211e-02
1.018028308202120931e-02
1.016972499214565361e-02
6.593544279251053498e-03
6.654683604541544208e-03
1.020887223413264287e-02
6.670828263831606042e-03
6.684174033538630398e-03
1.021396587570403379e-02
6.844821408159321510e-03
6.766630932946554253e-03
6.788684475462521475e-03
6.808298565745951776e-03
6.755852240720092855e-03
6.825121582147496840e-03
6.800282605314249620e-03
6.863520168660364879e-03
7.129997147693018303e-03
7.142609638112639402e-03
6.875392104576476954e-03
7.119750072761178369e-03
1.018720570272788235e-02
6.732730780383886990e-03
6.920592478109078086e-03
6.938493372583782841e-03
7.101044731636731167e-03
7.087125574512805927e-03
7.078647367971742897e-03
6.972482870080579098e-03
6.962768985241844094e-03
7.054659224995955477e-03
1.021546635980153175e-02
7.045673500928450322e-03
6.991996197402973630e-03
6.905220832205896317e-03
1.000839644158997566e-02
6.714837226751292631e-03
6.899537586559539512e-03
1.000864734632483238e-02
7.006992616131546038e-03
7.017864956091674974e-03
7.170751313556519672e-03
7.203999266575084048e-03
7.207145135545305753e-03
9.735894449971256581e-03
9.774232264960236796e-03
9.761811048354777226e-03
7.235664318936289863e-03
6.699579271094761868e-03
7.180978085271415984e-03
9.710447657256567403e-03
9.833821492880054013e-03
9.824459942315099878e-03
7.244138126480083144e-03
7.262035389928249429e-03
7.279712474700918146e-03
7.300702155893913289e-03
8.570619716443218794e-03
8.585235531103590015e-03
8.627431547605271533e-03
8.598610176334691227e-03
7.318627562298008794e-03
7.838237613767919804e-03
7.853159186242898021e-03
7.867570278883273191e-03
7.886830919238696502e-03
7.896857147208474759e-03
7.903768238344641150e-03
9.694467364816725455e-03
9.578250665619311363e-03
9.682140829962496836e-03
9.611818996576794449e-03
9.530866295844639402e-03
9.442176249468860541e-03
9.482135214673836909e-03
9.503060127936335810e-03
9.659771146201976896e-03
9.427728661996840828e-03
9.640516743190890789e-03
9.553950680723077155e-03
9.493035754529947565e-03
9.647248974961657175e-03
7.014189899638073773e-03
7.326605386441825511e-03
7.339319006450646839e-03
7.824369987949440428e-03
7.740836297360021226e-03
7.771222078358278572e-03
7.751659202260928645e-03
7.953799899206149757e-03
7.785932752133464634e-03
7.969949871919099899e-03
7.986221252248910940e-03
8.008476374743927345e-03
9.559498032657549882e-03
8.018694982916489342e-03
8.035989200678292019e-03
9.400477491903980187e-03
9.373506341091502464e-03
9.341276021531529083e-03
8.649490007139080255e-03
9.299369588604805559e-03
9.104236437010212665e-03
8.663044507815227321e-03
9.083569057919899450e-03
9.057419139514851641e-03
9.061442165126578491e-03
9.245202989081751505e-03
8.685999958018551445e-03
9.031260097139533552e-03
9.352366130032603586e-03
9.260082980229924349e-03
8.384508918004657252e-03
8.411540047095574305e-03
8.429727813009922979e-03
8.812912566569408579e-03
8.529301290987851419e-03
8.436020640792634903e-03
8.360027008176163649e-03
9.000364414844174918e-03
9.269367789678711889e-03
8.487989932782259023e-03
8.343042940920527423e-03
8.328146158396235177e-03
9.463507311491908131e-03
8.469419088360571196e-03
8.510950439892375763e-03
8.509095039923201403e-03
9.356042349475015077e-03
6.701047512929807909e-03
6.718647992101539276e-03
7.635905053902620337e-03
7.648257538726654751e-03
7.664714476042780271e-03
7.728170130877406487e-03
7.717185045126701524e-03
8.300675426499848006e-03
9.194761300133365289e-03
8.233987282443771399e-03
9.135455981756808452e-03
8.991459845062881040e-03
9.181032723437353854e-03
9.125758905467315149e-03
8.769566023877191363e-03
8.826462338322686035e-03
8.880441229202513942e-03
8.761159001611106348e-03
8.715881845478499687e-03
9.163854849526052726e-03
8.702923930644415260e-03
8.842259669057316376e-03
8.865765292761000615e-03
8.902139430140613985e-03
7.358486533132696863e-03
7.431856260965962954e-03
7.446324442247171001e-03
7.534966273673085642e-03
7.560831030720104907e-03
7.553159728856448547e-03
7.519705417840028862e-03
7.585982244591376461e-03
7.609194784752233362e-03
7.681424453166500049e-03
8.790802749633964616e-03
8.053238008657533781e-03
8.971663370433261703e-03
8.176149185886914111e-03
8.242970070509862343e-03
8.121153170845385461e-03
8.125390795023682000e-03
8.217172074363279441e-03
7.595289980041135779e-03
8.460847290293194503e-03
8.281493129194090336e-03
8.099835496226562986e-03
8.961769401275262656e-03
8.203120585978067661e-03
8.272425953124874082e-03
8.259671826973241301e-03
8.154116763976149151e-03
8.075459064819399957e-03
7.371943396164627738e-03
7.382139271141198271e-03
7.417870699326757113e-03
7.396964173887080746e-03
7.409216620126784711e-03
9.415226514046137751e-03
7.791983734766739361e-03
7.494688269946552309e-03
7.504818460806480553e-03
7.692075927595369046e-03
8.786509595678875656e-03
8.708152077215579670e-03
7.500950814518728658e-03
8.092490969546305146e-03
8.935474227913709280e-03
8.150607873757900051e-03
9.290004163177687652e-03
8.942909142704694170e-03
8.927136115855249451e-03
7.480690597768068460e-03
7.994122327604533118e-03
9.676068840965952600e-03
9.211881423334931235e-03
9.171393881083372834e-03
9.629456060190838204e-03
