2.000000000000000000e+00 1.000000000000000000e+00
1.998716507171052648e+00 1.050649168838712733e+00
1.994869323391895044e+00 1.101168321987432197e+00
1.988468324328111381e+00 1.151427777504576699e+00
1.979529941252494485e+00 1.201298520088660116e+00
1.968077118866204289e+00 1.250652532258720528e+00
1.954139256400048819e+00 1.299363122973357987e+00
1.937752132147080530e+00 1.347305252844820167e+00
1.918957811620230602e+00 1.394355855113318610e+00
1.897804539570741689e+00 1.440394151557634395e+00
1.874346616144582089e+00 1.485301962531081044e+00
1.848644257494751031e+00 1.528964010326962608e+00
1.820763441207276401e+00 1.571268215094792309e+00
1.790775736937698426e+00 1.612105982547662908e+00
1.758758122692790860e+00 1.651372482722222035e+00
1.724792787229119995e+00 1.688966919075686413e+00
1.688966919075686635e+00 1.724792787229119995e+00
1.651372482722222257e+00 1.758758122692790860e+00
1.612105982547662908e+00 1.790775736937698426e+00
1.571268215094792309e+00 1.820763441207276401e+00
1.528964010326962386e+00 1.848644257494751031e+00
1.485301962531081044e+00 1.874346616144582089e+00
1.440394151557634395e+00 1.897804539570741689e+00
1.394355855113318610e+00 1.918957811620230602e+00
1.347305252844820167e+00 1.937752132147080530e+00
1.299363122973357987e+00 1.954139256400048819e+00
1.250652532258720528e+00 1.968077118866204289e+00
1.201298520088660116e+00 1.979529941252494485e+00
1.151427777504576699e+00 1.988468324328111381e+00
1.101168321987432197e+00 1.994869323391895044e+00
1.050649168838712733e+00 1.998716507171052648e+00
1.000000000000000000e+00 2.000000000000000000e+00
9.493508311612873785e-01 1.998716507171052648e+00
8.988316780125679140e-01 1.994869323391895044e+00
8.485722224954234116e-01 1.988468324328111381e+00
7.987014799113399954e-01 1.979529941252494485e+00
7.493474677412795826e-01 1.968077118866204289e+00
7.006368770266422352e-01 1.954139256400048819e+00
6.526947471551798330e-01 1.937752132147080530e+00
6.056441448866816124e-01 1.918957811620230824e+00
5.596058484423656054e-01 1.897804539570741689e+00
5.146980374689191784e-01 1.874346616144582089e+00
4.710359896730375029e-01 1.848644257494751031e+00
4.287317849052079133e-01 1.820763441207276401e+00
3.878940174523370921e-01 1.790775736937698426e+00
3.486275172777779652e-01 1.758758122692790860e+00
3.110330809243133654e-01 1.724792787229119995e+00
2.752072127708802274e-01 1.688966919075686857e+00
2.412418773072091405e-01 1.651372482722222257e+00
2.092242630623015742e-01 1.612105982547662908e+00
1.792365587927237103e-01 1.571268215094792309e+00
1.513557425052491912e-01 1.528964010326962608e+00
1.256533838554179106e-01 1.485301962531081044e+00
1.021954604292584223e-01 1.440394151557634617e+00
8.104218837976939760e-02 1.394355855113318610e+00
6.224786785291969160e-02 1.347305252844820611e+00
4.586074359995118144e-02 1.299363122973357987e+00
3.192288113379582182e-02 1.250652532258720750e+00
2.047005874750551513e-02 1.201298520088660116e+00
1.153167567188861931e-02 1.151427777504576921e+00
5.130676608104844938e-03 1.101168321987432197e+00
1.283492828947241371e-03 1.050649168838712955e+00
0.000000000000000000e+00 1.000000000000000222e+00
1.283492828947130349e-03 9.493508311612876005e-01
5.130676608104844938e-03 8.988316780125679140e-01
1.153167567188861931e-02 8.485722224954233006e-01
2.047005874750551513e-02 7.987014799113401065e-01
3.192288113379571080e-02 7.493474677412794716e-01
4.586074359995107041e-02 7.006368770266422352e-01
6.224786785291958058e-02 6.526947471551796109e-01
8.104218837976928658e-02 6.056441448866816124e-01
1.021954604292583113e-01 5.596058484423656054e-01
1.256533838554177995e-01 5.146980374689191784e-01
1.513557425052490801e-01 4.710359896730375029e-01
1.792365587927234882e-01 4.287317849052079133e-01
2.092242630623013522e-01 3.878940174523372031e-01
2.412418773072089184e-01 3.486275172777779652e-01
2.752072127708800053e-01 3.110330809243134764e-01
3.110330809243132544e-01 2.752072127708802274e-01
3.486275172777774101e-01 2.412418773072094735e-01
3.878940174523373141e-01 2.092242630623013522e-01
4.287317849052076912e-01 1.792365587927237103e-01
4.710359896730372808e-01 1.513557425052491912e-01
5.146980374689185123e-01 1.256533838554181326e-01
5.596058484423658275e-01 1.021954604292583113e-01
6.056441448866813904e-01 8.104218837976939760e-02
6.526947471551793889e-01 6.224786785291969160e-02
7.006368770266415691e-01 4.586074359995129246e-02
7.493474677412794716e-01 3.192288113379571080e-02
7.987014799113397734e-01 2.047005874750551513e-02
8.485722224954229675e-01 1.153167567188861931e-02
8.988316780125672478e-01 5.130676608104955960e-03
9.493508311612873785e-01 1.283492828947241371e-03
9.999999999999997780e-01 0.000000000000000000e+00
1.050649168838712288e+00 1.283492828947130349e-03
1.101168321987431531e+00 5.130676608104733916e-03
1.151427777504576699e+00 1.153167567188861931e-02
1.201298520088659894e+00 2.047005874750551513e-02
1.250652532258720084e+00 3.192288113379559977e-02
1.299363122973358209e+00 4.586074359995118144e-02
1.347305252844820167e+00 6.224786785291958058e-02
1.394355855113318388e+00 8.104218837976928658e-02
1.440394151557633950e+00 1.021954604292580893e-01
1.485301962531081266e+00 1.256533838554179106e-01
1.528964010326962386e+00 1.513557425052489691e-01
1.571268215094792087e+00 1.792365587927234882e-01
1.612105982547662464e+00 2.092242630623011301e-01
1.651372482722222257e+00 2.412418773072091405e-01
1.688966919075686413e+00 2.752072127708800053e-01
1.724792787229119773e+00 3.110330809243131434e-01
1.758758122692790415e+00 3.486275172777774101e-01
1.790775736937698648e+00 3.878940174523372031e-01
1.820763441207276401e+00 4.287317849052075802e-01
1.848644257494750809e+00 4.710359896730372808e-01
1.874346616144581867e+00 5.146980374689185123e-01
1.897804539570741689e+00 5.596058484423657164e-01
1.918957811620230602e+00 6.056441448866812793e-01
1.937752132147080308e+00 6.526947471551793889e-01
1.954139256400048819e+00 7.006368770266414581e-01
1.968077118866204289e+00 7.493474677412794716e-01
1.979529941252494485e+00 7.987014799113396624e-01
1.988468324328111381e+00 8.485722224954228565e-01
1.994869323391895044e+00 8.988316780125671368e-01
1.998716507171052648e+00 9.493508311612872674e-01
1.994792333514251448e-01 5.818421241641849040e-01
1.202218321681088609e-01 7.958434856158097537e-01
1.539906637044843596e-01 6.620623356889308031e-01
1.869942402887481703e-01 5.214112329736364515e-01
3.298464930924580041e-01 3.945383710434951507e-01
9.945218142647477277e-02 1.068579395022177136e+00
9.629278787996070621e-02 8.849046620343561376e-01
9.298824015136514243e-02 7.404711177079390527e-01
1.399585285755496067e-01 6.048356993207029131e-01
2.657026504902944009e-01 4.607958971203752752e-01
3.329072128828388100e-01 3.329072128828390320e-01
5.030002143183012198e-01 2.458907771473098358e-01
1.453898614171771908e-01 1.292114734292177047e+00
1.032821728113550719e-01 1.160719633092150094e+00
5.689109720718722729e-02 1.023899178237366092e+00
6.836459761445491667e-02 8.330220549796623075e-01
5.625163907413950615e-02 9.281307551796794675e-01
2.664624628614792878e-01 4.018789096595532517e-01
4.242964112866235982e-01 2.939553555179820754e-01
5.214112329736358964e-01 1.869942402887483091e-01
7.078852657078225086e-01 1.453898614171764136e-01
2.720312969848810991e-01 1.534556895371883778e+00
1.994792333514252558e-01 1.418157875835815318e+00
1.238979256996584205e-01 1.349958181293311910e+00
9.298824015136536447e-02 1.259528882292061169e+00
6.110305084293357614e-02 1.119577071233764487e+00
4.397996603579097941e-01 2.371096169395121578e-01
6.196464065445462799e-01 1.721927724374933688e-01
7.404711177079387197e-01 9.298824015136497589e-02
9.314206049778230856e-01 9.945218142647652138e-02
4.292581948216784848e-01 1.699959497957512777e+00
3.240204670218881922e-01 1.610725251691702109e+00
2.122778506166602686e-01 1.519152567766331785e+00
6.489032755613524106e-01 1.210476422525824519e-01
8.392803669078497952e-01 1.032821728113553217e-01
9.761008217626341299e-01 5.689109720718801139e-02
1.159334447998864537e+00 1.110106633710166990e-01
6.649748996741595697e-01 1.838717884100967037e+00
5.418331153303085346e-01 1.778313955130711443e+00
4.416162886894155482e-01 1.760416467595555368e+00
3.675511168971304365e-01 1.700024273514438411e+00
2.664624628614796764e-01 1.598121090340446804e+00
8.804229287662350689e-01 6.110305084293365940e-02
1.069175594757288961e+00 9.162320640101427605e-02
1.213256387069462816e+00 8.100746106316829287e-02
1.377075461731932737e+00 1.793273471603963609e-01
8.858966276292826736e-01 1.895918482548926587e+00
7.493855294969279379e-01 1.875857322418248652e+00
6.061171456416252212e-01 1.857252512559738111e+00
1.119577071233764043e+00 6.110305084293376349e-02
1.294654254029135698e+00 1.379602488041906660e-01
1.436796435785409498e+00 1.637976040858005466e-01
1.570741805178320627e+00 3.000405020424881664e-01
1.159334447998864537e+00 1.888989336628982940e+00
1.022879375350187248e+00 1.902865461263596458e+00
9.283638141356733708e-01 1.940687955765510786e+00
8.335635342401966907e-01 1.928614277357865170e+00
6.938721120581701207e-01 1.895606985974074288e+00
1.351096724438647145e+00 1.210476422525827156e-01
1.501320487847103369e+00 2.393348762274284114e-01
1.632448883102868953e+00 2.999757264855618111e-01
1.727968703015119400e+00 4.654431046281160000e-01
1.377075461731932737e+00 1.820672652839603112e+00
1.250614470503072395e+00 1.875857322418248652e+00
1.119189304429587750e+00 1.935852276247205239e+00
1.560200339642090039e+00 2.371096169395117692e-01
1.675979532978111086e+00 3.892747483082979465e-01
1.787722149383339953e+00 4.808474322336679374e-01
1.838717884100967037e+00 6.649748996741591256e-01
1.605461628956505571e+00 1.670153506907542162e+00
1.496999785681698336e+00 1.754109222852689776e+00
1.436796435785409498e+00 1.836202395914199315e+00
1.349958181293311688e+00 1.876102074300341815e+00
1.213950188816859344e+00 1.921982360897713349e+00
1.733537537138519991e+00 4.018789096595534183e-01
1.807480149548842840e+00 5.782068396194903759e-01
1.892702694581365641e+00 6.948648294039937445e-01
1.895918482548927031e+00 8.858966276292820075e-01
1.754109222852690220e+00 1.496999785681698558e+00
1.675979532978112196e+00 1.610725251691702109e+00
1.596181491876301317e+00 1.731158807641426156e+00
1.860041471424450199e+00 6.048356993207029131e-01
1.887426580455679348e+00 7.940686367744334007e-01
1.940687955765511008e+00 9.283638141356728157e-01
1.895918482548926587e+00 1.114103372370717437e+00
1.838717884100966371e+00 1.335025100325840208e+00
1.813005759711251885e+00 1.478588767026363993e+00
1.760416467595555590e+00 1.558383711310584507e+00
1.669263086200520663e+00 1.669263086200520885e+00
1.931635402385545541e+00 8.330220549796617524e-01
1.910714584876799460e+00 1.023078278789316675e+00
1.928614277357865170e+00 1.166436465759803420e+00
1.857252512559737667e+00 1.393882854358374779e+00
1.875857322418248874e+00 1.250614470503072395e+00
1.943748360925860119e+00 1.071869244820320866e+00
1.895606985974074510e+00 1.306127887941829879e+00
1.696265804238035468e-01 7.371616428233657148e-01
1.520937929882742456e-01 5.567058249785002966e-01
2.620155921946432653e-01 5.374170001198113056e-01
1.521085585926553740e-01 9.758091125021746137e-01
6.804859454263778584e-02 7.833868901403916452e-01
4.350454397477967333e-02 9.761022155815771706e-01
9.777656336377614499e-02 9.648441857786262954e-01
2.902742095519963983e-01 3.583272143296397094e-01
4.015217810234131268e-01 3.672063216556361587e-01
1.974862711576086116e-01 1.344385763716220206e+00
9.476023706512828881e-02 1.309420472426102044e+00
1.562763344204786686e-01 1.216181391620633434e+00
4.594260195138846758e-02 1.072312811629177354e+00
4.737676102078400842e-01 2.009166918082718745e-01
5.792382679432933612e-01 2.373968379434696629e-01
2.588901700046198351e-01 1.461937289158542708e+00
6.908587189198608369e-01 9.452425221371395236e-02
7.838186083793661219e-01 1.562763344204785854e-01
5.011190071320495987e-01 1.716761881091630304e+00
3.954457675011854856e-01 1.741427162385182470e+00
3.983309321632314548e-01 1.629760550328783308e+00
2.285955426630498777e-01 1.566029879686301696e+00
9.276871883708225353e-01 4.594260195138868269e-02
1.002201214551527331e+00 1.290240114696182272e-01
6.154095995943782427e-01 1.784040855534179126e+00
1.169132524401961915e+00 5.827347351451153679e-02
1.220443282502731375e+00 1.573798144232483875e-01
9.557687493010603719e-01 1.872165945042874924e+00
8.791368074263408161e-01 1.948995334991525219e+00
8.225176669157344689e-01 1.852703957645878585e+00
6.447614721988967901e-01 1.888403202303272188e+00
1.399779465488416141e+00 1.307295930087117586e-01
1.424610981045778990e+00 2.395333454270858753e-01
1.088348960411704036e+00 1.868806250222162735e+00
1.604902181861831867e+00 2.586849442539301269e-01
1.601669067836768656e+00 3.702394496712164140e-01
1.423807799053018908e+00 1.763555360594607269e+00
1.399414523858578230e+00 1.869291720474548280e+00
1.300430342279303542e+00 1.817524083669660451e+00
1.168462184018358885e+00 1.941846672262937057e+00
1.771404457336950289e+00 4.339701203136980268e-01
1.740313134358889569e+00 5.411530962971458081e-01
1.534544076223669284e+00 1.690574014718992713e+00
1.888655827216772831e+00 6.453939055082714704e-01
1.831691344501155561e+00 7.413621732541086917e-01
1.798784876638824803e+00 1.526443518345390160e+00
1.687399302589292605e+00 1.534870280293953559e+00
1.641167457945511554e+00 1.710182337409692499e+00
1.949170288414403762e+00 8.794577871104024558e-01
1.869969586782388005e+00 9.580841794108949649e-01
1.847945977129508810e+00 1.442930781301838827e+00
1.771560371495110253e+00 1.403030201670112831e+00
1.852703957645878363e+00 1.177482333084265642e+00
1.949084249026467486e+00 1.121217778179892655e+00
1.888403202303271966e+00 1.355238527801103210e+00
1.156369072489729366e-01 1.016436828147160742e+00
1.811986871577331293e+00 1.375790047201923549e+00
1.739877832756618004e+00 1.312392752459823342e+00
1.772297023119282722e+00 1.451772229415511317e+00
1.677632349536390954e+00 1.439974594139505459e+00
2.112734448797766729e-01 1.065605877140976654e+00
1.551015998542578656e-01 1.057269523432792235e+00
1.728818156176896159e-01 1.130879398979843797e+00
1.633461604595529970e-01 1.382221038892225362e+00
2.250754051313164361e-01 1.264792094217713769e+00
2.083331992505204899e-01 1.468344153780859251e+00
2.739993861693525989e-01 1.379231729122891714e+00
4.921596971268339948e-01 1.766929459968330951e+00
4.824301806335204446e-01 1.634621511590609311e+00
4.038098661953914981e-01 1.473211656034850714e+00
5.758937174918238311e-01 1.816220822404525537e+00
5.844836844150311794e-01 1.705861025371639528e+00
9.747023260250324839e-01 1.919479525319123248e+00
8.964592847527690367e-01 1.812343708770302708e+00
7.443586018813510563e-01 1.716951478568212508e+00
1.071836078313459062e+00 1.917018073781628251e+00
1.020749543597524012e+00 1.818818082419108029e+00
1.464902851379505266e+00 1.793692578123816883e+00
1.341831352543556122e+00 1.744160135529202904e+00
1.162292924821965334e+00 1.743661854343716566e+00
1.546032833191496536e+00 1.740223422262827002e+00
1.450734277624320168e+00 1.683909501784039531e+00
1.531099315483026801e+00 1.545257245845173211e+00
1.918892951913797884e-01 1.297867340681612802e+00
2.424221485827356415e-01 1.315383277201087164e+00
3.301310991115261606e-01 1.257040041459802637e+00
2.786205172961923049e-01 1.274702029084753052e+00
2.703019601315395093e-01 1.170036876347208654e+00
3.260788111934934674e-01 1.329167099955095521e+00
2.890620593762719959e-01 1.221209011459704952e+00
3.778590249217368413e-01 1.160883038733581785e+00
3.413768338855183160e-01 1.202698430400846119e+00
4.392813078266408211e-01 1.251293720772510332e+00
3.839521410161050308e-01 1.239843616090442691e+00
3.978197166534458429e-01 1.312238534382435429e+00
2.462460366588896665e-01 1.416894465202182651e+00
2.986760748873003579e-01 1.426472742415670902e+00
3.184138734944265137e-01 1.488664777336446088e+00
4.717625940165009468e-01 1.680244887368400608e+00
5.239123098878709639e-01 1.668379625527138588e+00
5.674845351318578146e-01 1.572472095338360187e+00
5.331129314785011397e-01 1.614708083643530134e+00
4.740542311378171947e-01 1.538848996212635045e+00
6.021982023752574520e-01 1.635825823808496615e+00
5.808531956431192134e-01 1.752503813123931442e+00
6.304142104327633556e-01 1.732898759794955224e+00
6.800619280783724019e-01 1.775237087986136109e+00
9.115394224449820948e-01 1.856704494029099539e+00
9.495196828620701135e-01 1.819049784859109176e+00
9.357653698124367425e-01 1.714610271109967998e+00
9.289374235051554018e-01 1.768634941354614964e+00
8.386908694987414981e-01 1.735497489404500771e+00
9.987367664558618463e-01 1.750012768328806922e+00
1.042340906211623341e+00 1.860321614298874549e+00
1.074030209176897399e+00 1.817467905234356973e+00
1.138558911525110462e+00 1.827136228496327508e+00
1.378094283670028952e+00 1.773829811087082930e+00
1.390408027600892993e+00 1.721784167518850106e+00
1.323490764786192431e+00 1.640427710510123260e+00
1.346273373591235778e+00 1.689887174537287429e+00
1.252157634299452704e+00 1.709502445357236944e+00
1.395657725838525653e+00 1.637162233971469094e+00
1.491011538184116914e+00 1.707710182022775802e+00
1.495236413365455430e+00 1.654580127131844547e+00
1.555112521102644640e+00 1.628651732972411947e+00
3.791345954583064115e-01 1.393531861050061771e+00
3.323960068579335791e-01 1.549181537950461429e+00
3.662767285809442885e-01 1.509479909351870486e+00
4.194154905648623255e-01 1.526916733555938377e+00
4.356109108731645585e-01 1.583820280066220443e+00
3.804329117898828105e-01 1.577140258222153424e+00
5.346577530417204738e-01 1.360755473269439353e+00
7.055378837063619457e-01 1.538015225084784277e+00
6.863577939425988816e-01 1.717575616081551182e+00
6.449127169359912815e-01 1.676047291091537383e+00
6.712503349742034997e-01 1.605285410590269413e+00
7.147054110312306419e-01 1.656600367038767008e+00
7.239389736512247264e-01 1.819198244026517086e+00
7.316909209012132376e-01 1.767584002467757820e+00
7.860102785675971981e-01 1.754273170554664363e+00
8.298543571738603575e-01 1.793997244056487750e+00
7.794943739680699757e-01 1.817515457555487490e+00
1.034697107035464914e+00 1.612343393136990599e+00
1.113401018516738006e+00 1.774871865029784557e+00
1.056261902584774148e+00 1.761552044645361192e+00
1.041182682800771975e+00 1.687568729048473326e+00
1.105204348708311635e+00 1.708130700861900664e+00
1.199048783684076858e+00 1.841234233135312204e+00
1.178325352997275255e+00 1.793331602326327490e+00
1.217382212922117457e+00 1.753302455991207820e+00
1.275602843682518417e+00 1.763822123204170422e+00
1.245305421655549916e+00 1.810419338713165516e+00
1.353353117568291131e+00 1.501308183316333311e+00
1.506116452373972514e+00 1.597605501021997831e+00
1.450579964152606038e+00 1.616526247851804987e+00
1.398648559559997118e+00 1.561717096489630752e+00
1.463856721758338253e+00 1.545301738645598721e+00
1.613904240818388569e+00 1.608618958290050305e+00
1.570978652672512466e+00 1.578928614738936309e+00
1.606359144901715386e+00 1.496573427540762058e+00
1.621449921132851690e+00 1.551834028486767325e+00
3.526490543008893308e-01 1.443571510034126426e+00
3.684574751971899653e-01 1.348283710995672235e+00
4.197304918937889706e-01 1.360068719314170282e+00
3.278615787617074062e-01 1.381746852731563724e+00
4.623919082296981120e-01 1.311592029558559469e+00
4.349625831112676755e-01 1.419903648875832536e+00
4.770930747649253512e-01 1.377322280270168564e+00
4.679728143311880362e-01 1.474951215726747700e+00
5.236830513071810689e-01 1.430915067998312695e+00
6.207627222081373297e-01 1.584466425634757147e+00
6.163365058458728507e-01 1.479800823280505551e+00
6.044204920387954427e-01 1.532731132612382918e+00
5.379318298097585105e-01 1.507970337204195932e+00
6.559639559419370158e-01 1.516528471059856997e+00
7.216857849233571098e-01 1.432827520040252267e+00
6.998085498820117989e-01 1.483302359951706562e+00
6.599807809181236218e-01 1.436061340355627047e+00
8.069078420342483682e-01 1.499743718657576830e+00
5.926245278884038070e-01 1.412496080558741429e+00
7.512006743106759421e-01 1.505577172261607810e+00
6.846724641106319842e-01 1.316888934753166485e+00
7.886770901390343091e-01 1.594554673257541744e+00
6.879650529790509728e-01 1.379715310216093949e+00
7.534001008565811563e-01 1.557031888772489214e+00
9.873241663792230449e-01 1.696606947139678523e+00
9.272462585486845876e-01 1.607382865967416308e+00
9.455767587985864919e-01 1.659878645908486883e+00
8.766223218606444822e-01 1.675762849405039834e+00
9.805865435949110420e-01 1.618205697208033644e+00
9.745352035355012710e-01 1.511174587417658088e+00
1.002011773985603815e+00 1.563307733838409153e+00
1.087593437853603406e+00 1.484894970809926384e+00
1.071022843396358892e+00 1.552718779686849793e+00
1.179203289588091064e+00 1.652863427466635393e+00
1.198839458324588492e+00 1.702875127220969675e+00
1.357722730969395997e+00 1.597876545207320031e+00
1.259541631692091990e+00 1.553936092148329173e+00
1.302866083749047776e+00 1.588790159414539493e+00
1.252750468795265082e+00 1.638744612989299076e+00
1.310533446505834254e+00 1.534905734640478636e+00
1.248782406449805649e+00 1.447275339049263643e+00
1.299676798379618914e+00 1.476983717489049219e+00
1.330827656375678014e+00 1.365169556300558584e+00
1.352641470485451913e+00 1.431493090322987438e+00
1.497393254454760125e+00 1.417174218649958961e+00
5.657121789498520403e-01 1.237414386322439608e+00
7.815747431927402289e-01 1.661205006780583471e+00
6.249641347258850788e-01 1.351517580163412502e+00
8.060106022390315372e-01 1.342029342473302522e+00
7.254270175264569964e-01 1.603463959846122444e+00
1.033278631935966807e+00 1.507561026125759707e+00
9.970226464381721776e-01 1.397454471037129053e+00
1.038924387534974070e+00 1.444679507341528835e+00
1.111049884214090344e+00 1.617982742545504005e+00
1.296723235754890791e+00 1.413135551542723967e+00
1.207712396919405684e+00 1.338872367341496172e+00
1.268252413471649076e+00 1.356785110200962263e+00
1.497438555827476758e+00 1.485638819026454671e+00
1.419902040143911082e+00 1.372622035777752547e+00
5.043180627246826031e-01 1.260944978071092848e+00
8.345115670666800600e-01 1.633142439690729031e+00
8.580012807581074430e-01 1.558726465343905465e+00
8.264447079607452062e-01 1.685810643713362200e+00
5.809465612496568232e-01 1.367237921169785597e+00
5.663235867804657930e-01 1.303148260319632934e+00
7.519331786998426637e-01 1.376362884787601937e+00
9.814638200691648828e-01 1.453461244175077161e+00
8.929954690903273429e-01 1.472112989471321187e+00
9.256340033928001088e-01 1.407787049105247767e+00
1.165285861735522177e+00 1.539812801817127097e+00
1.084852765876142655e+00 1.661547524543169896e+00
1.123434907210356437e+00 1.391961806953640357e+00
1.224134055592508430e+00 1.394632252937959782e+00
1.172253846646933217e+00 1.451015335115514171e+00
1.174162267540161730e+00 1.379051191361532647e+00
1.128847253286384467e+00 1.307115309661916358e+00
1.272108346771363863e+00 1.232492685321980197e+00
1.424341424028994663e+00 1.483777797587484626e+00
1.555888203463806407e+00 1.451367829130455034e+00
1.373784028470863339e+00 1.387790252438342975e+00
1.378966103590776981e+00 1.325852457190524358e+00
1.412751276736139205e+00 1.428574157727804161e+00
1.312708082685536182e+00 1.293856555177289369e+00
1.488535775549245432e+00 1.271249336417860309e+00
1.440916248544355183e+00 1.312929206005027938e+00
4.871458478404738779e-01 1.152706438287438129e+00
5.147591412653738097e-01 1.312310773476718095e+00
6.301809371621139855e-01 1.269684526092335952e+00
7.489708329149895594e-01 1.311942617875668349e+00
8.180968578014898851e-01 1.420820323856239353e+00
9.416435140382926061e-01 1.266616761082435483e+00
1.115609121763415423e+00 1.527675867521243847e+00
1.089987423509713560e+00 1.432440198270387155e+00
1.052846529120183838e+00 1.390124928790064551e+00
1.014325997317444772e+00 1.312991651495977852e+00
1.556294192321392655e+00 1.501692135605226186e+00
1.615786894771213511e+00 1.435269993062738836e+00
1.565527603721778904e+00 1.367747315969663813e+00
1.652985943837675942e+00 1.355115410986011293e+00
1.249560108562212113e+00 1.291523904590299088e+00
1.389841784557669602e+00 1.198710348136927895e+00
1.478816889569920523e+00 1.359817038600072969e+00
5.174608087470841111e-01 1.203378391339757325e+00
4.626859139488275208e-01 1.201743896496139996e+00
6.064291807204383877e-01 1.128471692908633806e+00
4.324460564788051853e-01 1.156041175897362994e+00
5.717746460597656899e-01 1.177599940282261670e+00
3.959282064057775274e-01 1.054467210256452958e+00
5.426606494071655185e-01 1.120276650974447952e+00
6.474294573372199046e-01 1.194179435622092500e+00
4.008580609190756094e-01 1.110046257617347321e+00
3.188114031917405056e-01 1.103548461302438222e+00
4.714919885978419156e-01 1.075772874694400194e+00
8.727235374850097482e-01 1.421383899788315697e+00
8.816046009745552858e-01 1.346197763499926481e+00
8.305246856940975420e-01 1.226441791726165409e+00
1.089281957257982159e+00 1.347187320059286542e+00
1.070510680964794625e+00 1.289084908579708699e+00
1.013772192689887053e+00 1.233715237258022679e+00
1.134029061845737818e+00 1.186961883423060415e+00
1.115670992408745787e+00 1.246358612342899352e+00
1.069735718312679218e+00 1.199625769274653475e+00
1.193132460043125231e+00 1.237764670089264829e+00
9.529033959102336526e-01 1.344412223394912287e+00
1.542325819196305403e+00 1.407438567746383429e+00
1.428029301140322227e+00 1.250163035997414074e+00
1.336294112647156584e+00 1.234138709215062857e+00
6.118495958976581939e-01 1.225774194264859007e+00
7.112370296090164690e-01 1.241819965168250883e+00
5.901574610849026348e-01 1.002887407404883247e+00
8.018741374568955083e-01 1.280758793138337959e+00
7.702674342717631406e-01 1.229372586609820628e+00
8.683201666516217054e-01 1.281092388252056402e+00
7.243328836784904690e-01 1.157729215957605806e+00
7.971698724354154830e-01 1.161576653629539990e+00
9.163695385898047441e-01 1.309987432401580332e+00
1.492548898606609553e+00 1.162379945523960512e+00
1.306814786910026616e+00 1.131401520143659356e+00
6.761729511347043253e-01 1.271646552244624306e+00
5.818134898010189904e-01 1.067814810872312448e+00
9.768093960957962008e-01 1.110053218534201802e+00
7.680812121442944784e-01 1.020889662056414071e+00
1.473793748480839216e+00 1.216197257640982743e+00
1.570627319548451695e+00 1.219766718566478891e+00
1.521661404162226505e+00 1.232878972746355606e+00
1.564166010251580641e+00 1.293622220606374329e+00
1.337730474916868140e+00 1.178128579141028975e+00
1.396465868342400052e+00 1.105677111522803235e+00
5.263245214197546096e-01 1.067243806620677304e+00
4.826593487936126636e-01 9.670457339972259314e-01
4.913434165088199079e-01 1.022874744142993064e+00
4.319958878049842133e-01 1.003516210969055633e+00
5.355966020059118593e-01 9.874013700446746533e-01
3.168942312742973333e-01 9.602784153981820392e-01
5.479079239505858512e-01 8.763716822385670957e-01
3.687711683727841194e-01 9.970015585240071809e-01
5.271823628114075122e-01 9.302709696611867196e-01
4.088638924338521274e-01 9.179569260593947178e-01
6.027160469559778022e-01 9.283810922497172102e-01
4.727790341769455007e-01 8.784172127372049665e-01
4.365264028941859276e-01 9.563846801202251502e-01
1.082255196045031287e+00 1.093648429713304449e+00
1.011518375527560742e+00 1.167033775130689399e+00
8.921344294658505314e-01 1.153752570818219914e+00
7.641638545872535548e-01 1.095050324988118495e+00
6.755804152460198608e-01 1.046865162758084278e+00
1.650401747786728102e+00 1.263956237483607081e+00
1.604710178068682547e+00 1.329952523621090510e+00
1.525132508802967024e+00 1.331414274655807528e+00
3.370797637833216065e-01 1.047127982131741630e+00
2.744173961204783296e-01 1.058006354937360172e+00
3.660035876574226354e-01 9.459076392272464107e-01
3.140708428092725546e-01 8.595337639488777048e-01
3.603997113418190845e-01 8.904776441651478525e-01
3.961871113465366689e-01 7.867436063302651883e-01
4.132873001817949921e-01 8.536786551747965746e-01
1.093090169351204510e+00 1.148656558269492090e+00
1.172927337176343343e+00 1.104359850254117648e+00
1.031685018825033939e+00 1.115687977128776431e+00
1.014982104070108804e+00 1.008325899686280946e+00
1.037422178473798917e+00 1.059815093998315305e+00
1.124295283716122862e+00 9.913194411237112869e-01
1.089847091271100243e+00 1.036967213787778785e+00
1.150592938550840882e+00 1.046987113000268810e+00
1.243497758697474476e+00 9.690530640732879508e-01
1.231140451029640204e+00 1.048664702803262072e+00
1.186818432428133008e+00 9.958286289253757140e-01
8.462728198900296706e-01 1.177335430086404733e+00
8.407409572946377141e-01 1.110192623243337673e+00
8.967102988424671128e-01 1.219036256710005484e+00
9.513562646976140291e-01 1.164619213349093796e+00
6.249015198277582117e-01 1.040352300307315847e+00
6.569082426760337601e-01 9.758271627562435935e-01
7.280313243603953044e-01 1.055957917583955741e+00
6.924090838124921099e-01 1.105616231422993589e+00
7.107808797003779544e-01 9.996398342983734420e-01
6.746761644986891682e-01 1.152313772668054348e+00
7.292105804621257237e-01 8.850996094544534287e-01
7.620976781698635127e-01 9.491439909667446218e-01
1.600684897363930270e+00 1.259606717962712841e+00
1.630431681849553227e+00 1.205905460686793829e+00
1.742601601458116267e+00 1.199778194175420198e+00
1.580166378612949174e+00 1.124979450540461112e+00
1.687386859824843599e+00 1.218772634766283502e+00
1.591527366300347746e+00 1.173996403377859821e+00
1.657856079959895368e+00 1.132797870305954246e+00
1.731012276697990071e+00 1.255838105814628625e+00
1.700213015675459127e+00 1.166308054549376694e+00
1.803011717349444210e+00 1.241494733752011026e+00
1.742875501638003533e+00 1.068857877096446751e+00
1.708756333329861654e+00 1.111984569811666157e+00
1.643654351971318484e+00 1.025420081337818479e+00
1.781403818194459143e+00 1.134398927767316323e+00
1.687564790560235339e+00 1.060159300841447827e+00
1.731791985900536623e+00 9.591349948987115681e-01
1.722935329514239111e+00 1.015450873283528344e+00
1.801187210242351844e+00 9.989029783054749201e-01
2.628681329707338032e-01 1.113672944172839463e+00
2.227247699535316872e-01 1.147639632916403807e+00
2.242130316059174067e-01 1.206209584421779502e+00
2.337694314198660306e-01 9.863942945338052271e-01
2.984183577905429874e-01 1.010343107608082658e+00
3.621729876513123947e-01 8.310851971784102288e-01
2.839239548653216261e-01 7.536690770011933438e-01
3.379658419273851577e-01 7.772992718610530760e-01
3.559632775211929445e-01 6.625278435667327770e-01
3.764024628989235954e-01 7.245297481218714308e-01
4.689110364700441735e-01 8.038163623569585248e-01
1.164147406190935818e+00 8.744598749641341318e-01
8.108149393605099675e-01 1.060330761717219517e+00
8.470681749443296216e-01 9.781798632856079090e-01
8.904959877568155990e-01 1.046419315775056980e+00
6.669651988513306540e-01 9.096684620329983373e-01
1.834817576330314726e+00 1.282933303334173880e+00
1.795894304502166916e+00 1.187203026526013172e+00
3.205447381942078677e-01 7.085735956332466223e-01
2.388507217850618369e-01 6.796492615557551131e-01
2.946137672447687317e-01 6.519825073541464233e-01
2.443101992676635914e-01 6.206236830383711212e-01
3.390096732144193825e-01 5.774297562449769439e-01
1.950078228058064189e-01 6.323137946549360899e-01
2.920992867376174806e-01 5.999899629490724751e-01
4.463384316265769369e-01 7.365421791153275999e-01
1.191409566168861733e+00 9.321692405267940629e-01
7.982300648129677656e-01 9.822529242352054935e-01
8.179951197428531051e-01 9.244125219313313879e-01
9.349649354301480253e-01 8.959085062546540135e-01
8.802204745873830616e-01 9.255099091131233635e-01
8.511984524682010278e-01 8.064143887955798062e-01
9.424863708249424654e-01 9.752411128462037393e-01
8.813378047006039662e-01 8.621537264209587770e-01
8.934922691102945569e-01 1.100052710476827400e+00
6.171505233340666141e-01 8.582864479419236581e-01
7.078996357651290428e-01 9.453882754950019285e-01
1.127351356295461349e+00 9.271365573244492175e-01
1.287721807145352670e+00 8.513768458083914581e-01
8.175624325383143987e-01 8.606201819935905828e-01
9.724583080674013003e-01 7.768649464489190137e-01
5.605798465856068891e-01 7.832918943615555518e-01
1.062856715097441063e+00 9.562298398506825503e-01
1.250167690036084744e+00 9.044116424791820430e-01
7.789057251260533832e-01 8.927800179730162045e-01
7.625743946729643952e-01 8.338365114426627978e-01
6.855090940141317368e-01 8.201684394332097172e-01
1.060401961018809569e+00 8.411807954505283735e-01
9.380900991078764406e-01 8.314666486046804472e-01
5.734172058558245633e-01 8.324420524689610801e-01
5.180111957677611123e-01 8.296398523657796398e-01
6.257636171470368769e-01 7.925183232009566092e-01
5.058862200347629123e-01 7.539860239386616536e-01
5.093449599375383663e-01 6.318183626956495047e-01
4.915841063073388417e-01 6.924483192580433988e-01
5.659399449783701908e-01 7.075979599715378487e-01
1.060330883139230851e+00 1.001954328433960706e+00
9.995735180575229251e-01 9.461202551948020290e-01
1.222602312592026674e+00 8.450790100357591372e-01
1.369982450458768319e+00 9.494393791606581257e-01
6.642733493062339400e-01 8.624396200778891020e-01
1.107139696817419194e+00 8.738283347675215307e-01
1.054890582678100763e+00 8.988490996988637294e-01
1.136666780837038759e+00 7.817795004541265858e-01
9.970303281036968501e-01 8.642218623815220990e-01
1.136106442608947997e+00 8.323599686954337162e-01
9.075625869431906967e-01 7.741344478455129963e-01
4.254576418600229948e-01 6.698552252494663906e-01
7.083131711029103661e-01 6.925210220623965185e-01
1.304166293584615444e+00 9.426482344658790868e-01
1.267160198697411255e+00 7.241674150229889806e-01
1.014028994471820821e+00 8.123061212277615795e-01
1.056320021832507283e+00 7.206001753799504694e-01
1.065925827773814616e+00 7.806343978125266370e-01
1.020061656144882534e+00 7.571873155306232395e-01
9.684879120274568765e-01 6.698171736092664030e-01
9.780853272610895432e-01 7.230587233089669219e-01
9.129283315678784483e-01 7.073182394485361124e-01
9.791192118514938647e-01 9.057667393236307207e-01
3.966150515773697594e-01 6.101911951849298132e-01
6.801605664315975019e-01 7.533522596966309992e-01
1.343008555013459393e+00 8.885328662782563391e-01
1.327718804756478965e+00 1.036712981223190555e+00
1.260747911700043966e+00 7.904703329259895606e-01
8.481482117668177612e-01 7.357395600519296419e-01
8.692640558663453643e-01 5.827199861872005560e-01
4.272678388069557909e-01 4.892682051301321389e-01
4.532459888376162427e-01 6.196183630706582068e-01
4.348148009939654113e-01 5.555278706154526125e-01
6.228144315578483248e-01 7.310638191095260030e-01
6.300192849173572585e-01 6.329447088504557284e-01
6.102670702303037986e-01 6.808183904628695160e-01
5.622152050429591874e-01 6.513563276613012487e-01
5.704724369328153522e-01 5.477089250929040309e-01
5.517508411173898120e-01 5.983700538883691689e-01
4.955592658009893570e-01 5.707354966033285626e-01
7.604465705574163792e-01 7.535783906185483660e-01
1.472529776019637637e+00 8.675975895807208627e-01
1.333012794292987691e+00 9.854064546382330647e-01
1.401046322791896559e+00 1.018352785217029099e+00
1.198598127258586388e+00 7.876842630830342973e-01
1.176211038821947552e+00 6.947564942987120018e-01
1.171413704860690741e+00 7.450727170034022739e-01
1.115183557355230892e+00 7.266440708672694537e-01
1.096705676735247659e+00 6.169385237444853232e-01
1.090811887160598959e+00 6.743401271836398925e-01
1.029914471833974776e+00 6.649232534709696996e-01
9.898776821797752312e-01 5.503451879698944005e-01
9.948605400379180175e-01 6.128880590387131289e-01
1.385800244620343902e+00 7.691028611777376289e-01
9.074466324767949121e-01 6.392892566829960765e-01
3.782106196657700758e-01 5.284154436967438695e-01
7.202182193435988644e-01 7.837678694705908500e-01
8.100190191415899132e-01 7.727884069319715943e-01
1.410516402741793796e+00 8.950616844343731726e-01
1.047281338217359581e+00 5.772417072639748348e-01
1.347163339476771027e+00 8.226404035332369746e-01
8.240025159296970880e-01 6.544408682332083504e-01
9.333551522842250536e-01 5.806310881429431747e-01
3.192225770931750861e-01 5.214209851048344779e-01
3.563380272574932506e-01 4.606425931767653692e-01
1.417989358162773383e+00 8.281909456938364444e-01
1.477340094513746482e+00 9.622037135370967720e-01
1.069820632411076389e+00 4.544325402703078831e-01
1.320257890898627995e+00 7.627641298543068604e-01
8.623948230654651104e-01 6.285272017564181857e-01
8.690855523104437097e-01 6.798366608815905598e-01
8.137194537805955141e-01 5.978092001372390385e-01
7.544216417745089887e-01 6.378257979455734805e-01
8.127449773073631700e-01 4.844454084341983657e-01
8.281084091124264468e-01 5.409994283526193826e-01
7.370678881841555841e-01 5.481675281542055522e-01
9.077771968252974499e-01 4.889928319313146532e-01
7.809244793925605999e-01 5.234535665771644641e-01
7.225194693071861352e-01 4.433275904978354331e-01
8.790086459321855283e-01 5.319478700091013756e-01
3.110439944912602450e-01 4.747047679092981087e-01
3.781428064410631285e-01 4.135438340452123329e-01
4.499934321478840094e-01 4.207285787902162455e-01
1.514464748710312447e+00 7.373227490756736335e-01
1.424607664364100801e+00 9.478616794759464614e-01
1.127143424383797221e+00 5.284259654757865743e-01
1.042435319873499244e+00 5.128793989214496252e-01
1.364638994416059514e+00 6.458870886276999457e-01
7.776266301635259559e-01 6.946510723030010492e-01
6.923424932934809650e-01 6.322751251487079838e-01
6.604153124727099033e-01 5.613519220936609155e-01
7.268146069436681733e-01 5.966606786364248016e-01
9.419773141455504151e-01 5.288357095341366110e-01
9.824586261646628405e-01 4.594878800909145133e-01
5.145123882822495442e-01 4.801584044715805355e-01
1.480994541624441663e+00 7.984355913607186217e-01
1.095996753298709159e+00 5.672049848505641423e-01
1.165444930349590846e+00 5.910868625080768490e-01
1.088772221592169354e+00 4.989514514203912121e-01
1.164110337012324914e+00 4.405869263851771578e-01
1.358401432373121276e+00 7.103833540346597974e-01
4.761355379948919997e-01 5.193996078246887471e-01
4.688330236972773624e-01 4.650125579144113730e-01
5.084410113606036008e-01 4.220128353117928999e-01
4.808186303065851153e-01 3.484892759331884582e-01
6.147200542319370964e-01 4.403052744872291147e-01
5.590050055547119978e-01 4.461228641267372952e-01
5.706111842001805323e-01 3.567052916571182841e-01
5.921468460408726431e-01 4.938219584208978774e-01
6.617979764491886963e-01 4.916816328667447111e-01
6.183082091484289888e-01 5.356470010918398250e-01
1.446875745234364352e+00 7.400275681941382855e-01
1.614157000917121776e+00 8.316439627184118999e-01
1.146652513375818749e+00 6.454323051020818269e-01
1.214309964986899804e+00 6.384060675199982882e-01
1.218931732892840403e+00 5.153566703225795909e-01
1.306057463904404248e+00 6.727713085707420770e-01
4.454798891204144184e-01 3.761062528522761683e-01
6.687246083404161379e-01 4.380767841661834527e-01
6.390339052215067150e-01 3.740405328201800716e-01
7.011424853389397471e-01 3.841448447070835992e-01
6.939960262906185173e-01 5.271694942116695870e-01
7.361781368530387892e-01 4.953183845249790052e-01
1.416624336905313752e+00 6.834644506602128855e-01
1.541128092828413232e+00 8.408943637901821200e-01
1.228323453543688437e+00 6.889353787451424349e-01
1.226196410760566513e+00 5.772410295560601590e-01
1.334281985253352287e+00 5.331841524107070462e-01
1.274151501966079181e+00 6.182978228796629505e-01
1.274138046615158615e+00 5.402445202534813529e-01
1.291464152953862410e+00 4.281383502001370744e-01
1.298325956736895881e+00 4.865908154065281543e-01
1.400417476478031276e+00 4.449771813584639246e-01
1.355134519096904633e+00 4.799219913161460460e-01
1.440860778852001367e+00 5.441975041483438913e-01
1.389096549759429866e+00 5.239314218704982373e-01
1.393747260074055694e+00 5.882943460986685968e-01
1.175856140441327691e+00 5.416866486567790684e-01
6.212829524491148003e-01 3.004031851965544564e-01
8.059854707231370874e-01 3.797273342858922263e-01
1.570283359617873797e+00 7.781707731979633502e-01
1.590077937836881006e+00 9.344425307352833832e-01
1.468282727912635810e+00 6.207121007403816337e-01
7.542581573177732368e-01 3.984113938815135869e-01
7.503971342615545215e-01 3.067758016010042610e-01
7.959719558107047899e-01 4.329509010541715552e-01
8.725130015073634393e-01 4.197976230942270792e-01
1.620194480417181726e+00 6.514055564636795914e-01
1.583000097303539411e+00 8.785652815473153909e-01
1.661655267585801399e+00 8.969891063471202575e-01
1.525320704888436962e+00 9.142582867018789194e-01
1.578604120902610930e+00 7.082385647947392338e-01
1.521313226426666665e+00 6.671603082334678358e-01
1.686907602866481781e+00 7.438605807807563419e-01
1.471344932741742717e+00 6.905696441924823459e-01
1.556994540171552144e+00 5.729256118318456492e-01
1.631924359760528853e+00 7.723309133875834176e-01
1.692993338544708015e+00 8.229419159363009495e-01
1.638539616911935282e+00 7.084649192819452157e-01
1.717223878908879620e+00 6.516884180132587190e-01
1.687100242865303468e+00 6.928522088101760623e-01
1.760191298196748244e+00 7.147360725354693356e-01
1.521560335841443790e+00 6.133812853980081803e-01
1.499080059487229333e+00 5.579454790415856458e-01
1.574209614932385426e+00 6.237497478673188489e-01
1.489983297477678104e+00 4.663218911931973909e-01
1.634922626670570089e+00 5.748575279251929571e-01
1.478796325901249764e+00 5.136959548443142953e-01
1.431013259953372696e+00 4.931084227085572591e-01
1.547058840305677307e+00 5.048076670533605537e-01
1.555953032032162398e+00 4.300520716979813196e-01
1.596989473331078102e+00 5.323083570488240657e-01
1.667121053101804806e+00 5.079686598048752666e-01
1.688004982313864755e+00 5.592157421100525383e-01
1.730230486118544020e+00 5.967261438610976798e-01
1.675324589353381466e+00 6.140749412692867448e-01
1.780240171455770515e+00 6.375808587367162161e-01
1.613392227272391732e+00 4.663634683778425383e-01
1.670894165234197537e+00 4.485727352856502814e-01
1.629207354208131342e+00 4.156577962692882822e-01
1.299013198822989712e-01 7.062551919525512645e-01
2.313052565973136576e-01 4.975399350570476886e-01
3.817870951559634296e-01 3.209046240168501041e-01
1.062153199868487025e-01 1.210966042696890899e+00
5.717392078680423317e-01 1.876266749086926422e-01
7.890339573031089904e-01 1.062153199868486192e-01
8.899417483759654024e-01 2.118217372258745790e-01
3.530882078578122529e-01 1.651815049369666166e+00
1.019797994546735698e+00 8.186832926353945772e-02
1.091014002295968455e+00 2.093962787551254534e-01
1.249298013737156765e+00 1.161401549204157391e-01
1.286275397862358227e+00 2.574475175188485343e-01
7.957887249989399336e-01 1.895352154495559160e+00
1.462881411208732496e+00 2.068426861241138837e-01
1.646911792142187636e+00 3.481849506303336117e-01
1.300306340451526044e+00 1.867855879326751678e+00
1.789639596586432679e+00 5.311428438210467062e-01
1.881952259069941791e+00 7.440352795426209420e-01
1.713917777627962602e+00 1.577649662151852539e+00
1.917956007289506548e+00 9.732699779554069286e-01
1.895352154495558938e+00 1.204211275001060066e+00
1.703350630839787883e+00 1.485278055650304907e+00
1.243176930243373446e-01 1.113695530433531422e+00
1.486411580682824585e-01 1.170427809158274490e+00
5.660132594965074926e-01 1.462932571351052369e+00
1.205705987908817001e+00 1.592301292855881734e+00
1.154292958943285985e+00 1.590085701863346745e+00
8.092344957431126806e-01 1.549349329947612874e+00
9.199996298525401350e-01 1.544094923315581180e+00
8.767991259147299710e-01 1.605575384208324241e+00
8.570211566265207859e-01 1.507954431153756492e+00
1.212948728506707541e+00 1.498880808465422376e+00
1.260783973970386329e+00 1.505641439937769999e+00
7.733065995876186038e-01 1.454246696826097418e+00
1.612677910893524302e+00 1.385117970816063915e+00
1.710060951564104537e+00 1.384547338694665841e+00
1.726754226915077739e+00 1.431514070130540661e+00
3.200677345121722417e-01 1.155405339390445540e+00
8.420035085283407161e-01 1.376830643947499988e+00
9.883666535548054632e-01 1.273532855303416200e+00
1.181122015469023401e+00 1.291101677773020207e+00
6.955285130141771743e-01 1.196308488279212323e+00
1.227890134454758808e+00 1.164267853656232532e+00
9.626502909108578532e-01 1.217155914614217904e+00
1.623660245044497019e+00 1.082692541944617615e+00
1.537790326395741536e+00 1.037882805143383713e+00
1.573337664762038512e+00 1.074444739752449474e+00
1.520816043723684174e+00 1.107270677782616675e+00
1.458593728317184368e+00 1.110159197798154862e+00
1.434890508035086665e+00 1.162721197421592523e+00
1.430720432927063301e+00 1.063691585310380550e+00
1.486863698702627357e+00 1.061608025970111280e+00
1.456998140714966805e+00 1.014310979038399063e+00
1.538447531758792453e+00 9.753753696462666989e-01
1.594529244278900082e+00 9.930854416496734949e-01
1.648765637337532786e+00 9.594782188863320016e-01
1.690180177453534105e+00 9.354468683531007578e-01
1.724716683331401157e+00 8.800227984938986392e-01
1.680106069571229543e+00 9.950765025290899679e-01
1.779898032076156378e+00 8.119993963134668480e-01
1.738643679805419229e+00 8.349269682499328438e-01
1.728552721174571483e+00 7.804305967821888457e-01
1.787806574113752323e+00 8.748084609299634495e-01
1.839231357615667806e+00 8.364309290498611604e-01
1.823724448934536779e+00 7.898274184510993834e-01
1.838103533856221494e+00 1.121104881496420402e+00
1.860227178230961620e+00 1.061586663454304302e+00
1.802085653743312310e+00 1.073845675442501202e+00
1.885116900062995260e-01 1.015256769485562094e+00
2.060294396854745469e-01 8.801136302844257964e-01
8.460138895427469219e-01 1.026789341951219958e+00
2.279913607823156885e-01 7.369951383791096822e-01
2.362313382145767582e-01 8.115038894426676030e-01
1.917531680781537906e-01 6.933774386918569732e-01
9.566539272535232730e-01 1.040166114427884869e+00
9.927528577595712278e-01 1.067605143098156351e+00
9.377413662044217224e-01 1.083470479316981816e+00
8.953525775752307903e-01 9.953900380277360682e-01
1.275985855875346742e+00 1.014860731238304226e+00
1.372673842036722158e+00 1.060646846498531470e+00
4.785343593683660801e-01 2.942983654938706728e-01
5.439188594538774124e-01 2.969581005784550087e-01
5.268282632709671010e-01 3.404294540865852037e-01
1.463247219390816145e+00 3.482296886411724302e-01
6.496753604798028991e-01 2.359251181475697234e-01
6.721505195898334062e-01 1.863948448693839299e-01
7.377314751599489684e-01 2.074734638734405667e-01
6.864800725396312808e-01 2.906220026191924100e-01
8.132797865603011989e-01 2.291391343428235694e-01
7.001610242376501425e-01 2.416851844775090852e-01
7.092745383538787696e-01 3.349591101190042552e-01
1.418790939958078701e+00 6.326089820222609017e-01
8.610995048653551365e-01 4.691978349153526073e-01
9.293781752249449246e-01 4.344007382944249374e-01
9.285075112465530633e-01 3.197718391581017561e-01
9.137594049591144518e-01 3.772016145548738320e-01
8.587947285232097050e-01 3.324779891709863655e-01
1.005754521897517240e+00 3.702176222740286571e-01
9.736132324457591469e-01 4.095048250034196702e-01
1.027089767346387017e+00 4.204633907512188018e-01
9.585720069586273206e-01 3.581010374463868273e-01
1.000016691341025110e+00 2.946372991879128156e-01
1.106377181093137541e+00 3.571440008039682978e-01
1.076952712892947694e+00 4.016000446611290853e-01
8.522061469605828332e-01 3.782504978492317038e-01
8.035817064066087534e-01 3.239043347361889036e-01
7.900954949316666420e-01 2.746453417450073209e-01
8.480551664656521549e-01 2.755153501367815783e-01
1.656194523394474372e+00 8.510230174293195171e-01
1.806200212658941595e+00 7.005005452248094233e-01
8.462675274138251602e-01 1.661138889767033444e-01
8.865336726263738365e-01 1.298317588234003672e-01
9.446320817013551530e-01 1.673234471910340915e-01
1.012491744391794235e+00 2.069087828803581885e-01
9.521405656090864422e-01 2.324092442643158063e-01
9.062285764713526870e-01 2.668671445935690278e-01
1.060190776205965024e+00 1.542005026339057783e-01
1.108265717849842735e+00 1.291694138705884731e-01
1.155112071689859299e+00 1.800267728818001900e-01
1.210883293803608485e+00 2.353576268968582963e-01
1.146066943307815222e+00 2.449168642965041387e-01
1.190825324632128535e+00 3.238777420691257292e-01
1.081159028638151165e+00 2.850936356005806527e-01
1.183725348163697788e+00 2.757363952178863986e-01
1.237899999565211129e+00 2.828508461661587425e-01
1.135570862538135328e+00 3.074325417913884029e-01
1.300056470664919583e+00 3.424528744605252473e-01
1.244607297945580004e+00 3.380672949083941559e-01
1.202670163187494756e+00 3.880012032418217460e-01
1.149190259934518732e+00 3.892160474897682354e-01
1.255375847583469540e+00 3.896887569555016473e-01
1.229364255356741875e+00 4.502637225012181554e-01
1.270271099009755433e+00 1.962878299259911141e-01
1.323085455789740017e+00 1.841059114951429654e-01
1.355688813224419365e+00 2.450819142969484776e-01
1.395682449250761570e+00 3.110308437825009542e-01
1.328630890651584018e+00 2.942006154514006933e-01
1.230989736243158328e+00 1.210700802640144014e+00
1.184078874610117849e+00 1.188515998805870666e+00
1.230724792550902391e+00 1.106500284718727301e+00
1.280239303620136937e+00 1.178780931625357464e+00
1.839204628054229795e+00 9.062676192582831414e-01
1.786479096162063129e+00 9.346940134772175890e-01
1.853532077983377713e+00 1.008746716507905150e+00
1.984142949579304205e-01 9.388617333683924038e-01
1.440236589712477477e-01 9.181854784876347653e-01
2.634646578584333709e-01 9.174261970970946090e-01
3.133472361177476184e-01 9.099659318975243938e-01
2.917145132338971325e-01 8.086753541211323393e-01
1.752641971046858260e-01 8.256185353409934979e-01
1.444115975546602371e-01 8.667612278721562591e-01
1.967830918563951703e-01 7.798389760256212444e-01
1.463088984853777585e+00 2.870711143328918968e-01
1.517195941666058534e+00 2.912271216851065048e-01
1.533655717633251259e+00 3.582915901352944354e-01
1.491204317321098261e+00 4.039728265615743497e-01
1.450274496237424771e+00 4.343577611618041345e-01
1.413659730986235319e+00 3.848017766948983454e-01
1.351189141389859794e+00 4.025991953365652409e-01
9.546920873279313158e-01 2.799773411034739423e-01
1.052416379547776337e+00 3.355922231655804056e-01
1.036495745591191842e+00 2.550734062811706448e-01
2.586934822625365227e-01 8.621908112911168542e-01
1.354771226969504472e+00 3.477458556876362739e-01
1.377136334383755933e+00 1.270919849968796811e+00
1.684073046634199322e+00 1.308617933037662162e+00
6.422247981478647061e-01 1.089979614735429481e+00
1.283630072647854226e+00 1.076631403059412850e+00
1.331728572617958628e+00 1.088563062273672832e+00
1.330841574651936421e+00 5.945507035132682194e-01
