2.000000000000000000e+00 1.000000000000000000e+00
1.998308158271268287e+00 1.058144828910475788e+00
1.993238357741943023e+00 1.116092914125230262e+00
1.984807753012208131e+00 1.173648177666930303e+00
1.973044870579823806e+00 1.230615870742440165e+00
1.957989512315488900e+00 1.286803232711090317e+00
1.939692620785908428e+00 1.342020143325668657e+00
1.918216106880274108e+00 1.396079766039156844e+00
1.893632640323412275e+00 1.448799180200462278e+00
1.866025403784438819e+00 1.500000000000000000e+00
1.835487811412936487e+00 1.549508978070806009e+00
1.802123192755043846e+00 1.597158591702786179e+00
1.766044443118977902e+00 1.642787609686539252e+00
1.727373641573048735e+00 1.686241637868733712e+00
1.686241637868733712e+00 1.727373641573048513e+00
1.642787609686539252e+00 1.766044443118977902e+00
1.597158591702786179e+00 1.802123192755043846e+00
1.549508978070806009e+00 1.835487811412936487e+00
1.500000000000000000e+00 1.866025403784438597e+00
1.448799180200462278e+00 1.893632640323412275e+00
1.396079766039156844e+00 1.918216106880274108e+00
1.342020143325668879e+00 1.939692620785908428e+00
1.286803232711090317e+00 1.957989512315488900e+00
1.230615870742440165e+00 1.973044870579823806e+00
1.173648177666930525e+00 1.984807753012208131e+00
1.116092914125230262e+00 1.993238357741943023e+00
1.058144828910475788e+00 1.998308158271268287e+00
1.000000000000000000e+00 2.000000000000000000e+00
9.418551710895242124e-01 1.998308158271268287e+00
8.839070858747698489e-01 1.993238357741943023e+00
8.263518223330696966e-01 1.984807753012208131e+00
7.693841292575598345e-01 1.973044870579823806e+00
7.131967672889097942e-01 1.957989512315488900e+00
6.579798566743313426e-01 1.939692620785908428e+00
6.039202339608431558e-01 1.918216106880274108e+00
5.512008197995378334e-01 1.893632640323412275e+00
5.000000000000002220e-01 1.866025403784438819e+00
4.504910219291939910e-01 1.835487811412936487e+00
4.028414082972140431e-01 1.802123192755043846e+00
3.572123903134606371e-01 1.766044443118977902e+00
3.137583621312665105e-01 1.727373641573048957e+00
2.726263584269512652e-01 1.686241637868733712e+00
2.339555568810220976e-01 1.642787609686539474e+00
1.978768072449561544e-01 1.597158591702786179e+00
1.645121885870637346e-01 1.549508978070806231e+00
1.339745962155612924e-01 1.500000000000000000e+00
1.063673596765878360e-01 1.448799180200462278e+00
8.178389311972600328e-02 1.396079766039156844e+00
6.030737921409168312e-02 1.342020143325668879e+00
4.201048768451109972e-02 1.286803232711090317e+00
2.695512942017619373e-02 1.230615870742440388e+00
1.519224698779197968e-02 1.173648177666930303e+00
6.761642258056976829e-03 1.116092914125230262e+00
1.691841728731824368e-03 1.058144828910475788e+00
0.000000000000000000e+00 1.000000000000000222e+00
1.691841728731824368e-03 9.418551710895241014e-01
6.761642258056976829e-03 8.839070858747698489e-01
1.519224698779197968e-02 8.263518223330694745e-01
2.695512942017619373e-02 7.693841292575599455e-01
4.201048768451121074e-02 7.131967672889096832e-01
6.030737921409157209e-02 6.579798566743313426e-01
8.178389311972600328e-02 6.039202339608430448e-01
1.063673596765877249e-01 5.512008197995379444e-01
1.339745962155614034e-01 4.999999999999998890e-01
1.645121885870635126e-01 4.504910219291939910e-01
1.978768072449560433e-01 4.028414082972140431e-01
2.339555568810219865e-01 3.572123903134607481e-01
2.726263584269511542e-01 3.137583621312666216e-01
3.137583621312663995e-01 2.726263584269513762e-01
3.572123903134605261e-01 2.339555568810220976e-01
4.028414082972138210e-01 1.978768072449562654e-01
4.504910219291941020e-01 1.645121885870635126e-01
4.999999999999995559e-01 1.339745962155616255e-01
5.512008197995376113e-01 1.063673596765878360e-01
6.039202339608431558e-01 8.178389311972600328e-02
6.579798566743314536e-01 6.030737921409157209e-02
7.131967672889093501e-01 4.201048768451121074e-02
7.693841292575596125e-01 2.695512942017619373e-02
8.263518223330696966e-01 1.519224698779197968e-02
8.839070858747699599e-01 6.761642258056976829e-03
9.418551710895237683e-01 1.691841728731824368e-03
9.999999999999997780e-01 0.000000000000000000e+00
1.058144828910475788e+00 1.691841728731824368e-03
1.116092914125230484e+00 6.761642258057087851e-03
1.173648177666930081e+00 1.519224698779186866e-02
1.230615870742439943e+00 2.695512942017608271e-02
1.286803232711090317e+00 4.201048768451109972e-02
1.342020143325668879e+00 6.030737921409168312e-02
1.396079766039156400e+00 8.178389311972589226e-02
1.448799180200462056e+00 1.063673596765877249e-01
1.500000000000000000e+00 1.339745962155614034e-01
1.549508978070806453e+00 1.645121885870637346e-01
1.597158591702785735e+00 1.978768072449560433e-01
1.642787609686539252e+00 2.339555568810218755e-01
1.686241637868733712e+00 2.726263584269513762e-01
1.727373641573048957e+00 3.137583621312666216e-01
1.766044443118977902e+00 3.572123903134604150e-01
1.802123192755043846e+00 4.028414082972137100e-01
1.835487811412936487e+00 4.504910219291941020e-01
1.866025403784438375e+00 4.999999999999995559e-01
1.893632640323412275e+00 5.512008197995375003e-01
1.918216106880274108e+00 6.039202339608431558e-01
1.939692620785908428e+00 6.579798566743313426e-01
1.957989512315488678e+00 7.131967672889092391e-01
1.973044870579823806e+00 7.693841292575596125e-01
1.984807753012208131e+00 8.263518223330695855e-01
1.993238357741943023e+00 8.839070858747699599e-01
1.998308158271268287e+00 9.418551710895236573e-01
2.177147320669357011e-01 5.781955344203805192e-01
1.563538262926107147e-01 7.204461032342823756e-01
1.523363510577374347e-01 6.047279489586128154e-01
2.039562336846955648e-01 5.089928939586294554e-01
3.715538019814206283e-01 3.715538019814208504e-01
1.116188521738395306e-01 1.025849251344862934e+00
1.193559954526212108e-01 8.181616398518321009e-01
2.946366799948367809e-01 4.422709988193975761e-01
3.782208458225986281e-01 3.013124163812471168e-01
5.781955344203804081e-01 2.177147320669358677e-01
1.563538262926111311e-01 1.279553896765717402e+00
1.102729453874948529e-01 1.130325823447141387e+00
6.510232282601748077e-02 9.727972558871458286e-01
9.263502540654573736e-02 7.568722878173977930e-01
7.054489815035898392e-02 8.638548745059159151e-01
2.982645599286313787e-01 3.755084838863151919e-01
4.842278175783438221e-01 2.634009857414813527e-01
6.047279489586125933e-01 1.523363510577374902e-01
8.202776894723490253e-01 1.296040333810035694e-01
2.719727747926199979e-01 1.509770151112105774e+00
1.850286803282449877e-01 1.380027367539624850e+00
9.657599522903426159e-02 1.242071732501271120e+00
6.420125404780191447e-02 1.081871781612593564e+00
5.068509936135890959e-01 2.004836843126824864e-01
7.171546369971277812e-01 1.464207402974269101e-01
8.644461953592381676e-01 7.458181230322125099e-02
1.077460288350425399e+00 1.146248527676625162e-01
4.487612808497569716e-01 1.697155020148039650e+00
3.282591004455953088e-01 1.597798641544507126e+00
2.039562336846952872e-01 1.491007106041370545e+00
1.269957073741161124e-01 1.346822413645523353e+00
7.568722878173973490e-01 9.263502540654547368e-02
9.738463996940179834e-01 1.011590568083508279e-01
1.135553804640762054e+00 7.458181230322126487e-02
1.328134598248933429e+00 1.740357555922723842e-01
6.718654017510666820e-01 1.825964244407726422e+00
5.279298461387708086e-01 1.765342290612542886e+00
3.782208458225986836e-01 1.698687583618752717e+00
2.631408328682002251e-01 1.582632688204117732e+00
1.027321409538027197e+00 6.102405668143899564e-02
1.232735613398028951e+00 1.314188660678480836e-01
1.395272051041387407e+00 1.523363510577367408e-01
1.551238719150243028e+00 3.028449798519602942e-01
9.225397116495747118e-01 1.885375147232338122e+00
7.672643866019711600e-01 1.868581133932151639e+00
6.047279489586125933e-01 1.847663648942262871e+00
4.611975842943035753e-01 1.769489596017926880e+00
1.295474959780815505e+00 1.083067625620051794e-01
1.472070153861229969e+00 2.346577093874568365e-01
1.621779154177401372e+00 3.013124163812470613e-01
1.728027225207379169e+00 4.902298488878947258e-01
1.179722310527650642e+00 1.870395966618997319e+00
1.026153600305981906e+00 1.898840943191649533e+00
8.644461953592379455e-01 1.925418187696779082e+00
7.045250402191847172e-01 1.891693237437994668e+00
1.538802415705696536e+00 2.305104039820727313e-01
1.671740899554405191e+00 4.022013584554929855e-01
1.796043766315304158e+00 5.089928939586294554e-01
1.843646173707390146e+00 7.204461032342819315e-01
1.421804465579619592e+00 1.782285267933064965e+00
1.282845363002872219e+00 1.853579259702572646e+00
1.135553804640762277e+00 1.925418187696779526e+00
9.726785904619726919e-01 1.938975943318561157e+00
1.736859167131800108e+00 4.173673117958820455e-01
1.814971319671755179e+00 6.199726324603748173e-01
1.903424004770966294e+00 7.579282674987285473e-01
1.888381147826158957e+00 9.741507486551366224e-01
1.628446198018580260e+00 1.628446198018579594e+00
1.515772182421656122e+00 1.736599014258518370e+00
1.395272051041387407e+00 1.847663648942262871e+00
1.243127712182602318e+00 1.907364974593454221e+00
1.873004292625883860e+00 6.531775863544766469e-01
1.889727054612505341e+00 8.696741765528583912e-01
1.934897677173981645e+00 1.027202744112854393e+00
1.858473471405125199e+00 1.230027273386546049e+00
1.756436016588202031e+00 1.466576682246540253e+00
1.705363320005163441e+00 1.557729001180602424e+00
1.621779154177401594e+00 1.698687583618752939e+00
1.493149006386410793e+00 1.799516315687317514e+00
1.935798745952197919e+00 9.181282183874064362e-01
1.889727054612504897e+00 1.130325823447141609e+00
1.887820334870607519e+00 1.294191619633903612e+00
1.814971319671755179e+00 1.380027367539624850e+00
1.701735440071368233e+00 1.624491516113685030e+00
1.769489596017927102e+00 1.538802415705696758e+00
1.919966475894500535e+00 1.189957797366625991e+00
1.826837725225344711e+00 1.445826936932150586e+00
2.130629112950267745e-01 6.605484747585220751e-01
1.632673917746926273e-01 5.488377895981091381e-01
2.880125743473170297e-01 5.282502781623307220e-01
1.740530452290199870e-01 9.241872348771945633e-01
1.018892884511055086e-01 6.991169743083295307e-01
5.279416917500204254e-02 9.175752199754819705e-01
1.141234166949831041e-01 9.080473010315641691e-01
1.302989011428903332e-01 9.673188045713577710e-01
2.343468299332957527e-01 1.029109955984594871e+00
1.733593681241585582e-01 1.013307695733467906e+00
3.280067834097606938e-01 3.273798641375143537e-01
4.532228585778276253e-01 3.438684187149276261e-01
1.682662697940217056e-01 1.194146584773210451e+00
4.960411679278051850e-02 1.027210209365866600e+00
5.491471755113336295e-01 1.629071371935150447e-01
6.643738915401141698e-01 2.146153746975150156e-01
2.588896775564073494e-01 1.424534314642533994e+00
9.733468734854355819e-02 1.298643706859551106e+00
8.081686616743228857e-01 6.876776905696388442e-02
9.037245574945094173e-01 1.513511129378512787e-01
4.117818974665535814e-01 1.619252257317972177e+00
2.209080779050655585e-01 1.544984868815075796e+00
1.083308003989780444e+00 5.287144125931686478e-02
1.151164380032300816e+00 1.593911584149843019e-01
6.140967760812756637e-01 1.761940021334086337e+00
4.099415316581300761e-01 1.745535870531399025e+00
1.351447726553970163e+00 1.165537787669184699e-01
1.385903223918724114e+00 2.380599786659143013e-01
8.488356199676995173e-01 1.840608841585015920e+00
6.485522734460297256e-01 1.883446221233081586e+00
1.590058468341869924e+00 2.544641294686007527e-01
1.588218102533446752e+00 3.807477426820278787e-01
1.096275442505490805e+00 1.848648887062150248e+00
9.166919960102195564e-01 1.947128558740683246e+00
1.779091922094934608e+00 4.550151311849240376e-01
1.741110322443592651e+00 5.754656853574662279e-01
1.335626108459886385e+00 1.785384625302485651e+00
1.191831338325677336e+00 1.931232230943036532e+00
1.902665312651456331e+00 7.013562931404486722e-01
1.831733730205978405e+00 8.058534152267891049e-01
1.546777141422172486e+00 1.656131581285071874e+00
1.450852824488666259e+00 1.837092862806485094e+00
1.950395883207219239e+00 9.727897906341336220e-01
1.852474058709141058e+00 1.052553530513322677e+00
1.801588685322775163e+00 1.294838046907041296e+00
1.671993216590239362e+00 1.672620135862485924e+00
1.918273264669208666e+00 1.246509516458733646e+00
1.847437434876343099e-01 1.094959736977996645e+00
1.551975546004068229e-01 6.625574303881109905e-01
3.033931396471639119e-01 6.243430513140958427e-01
2.542812662287828318e-01 4.824067050978863569e-01
4.138037593112141588e-01 4.946968040078700279e-01
2.988205952647504660e-01 7.985349545172303332e-01
4.340567041174988594e-01 2.902765083001515034e-01
5.833527393711637199e-01 3.478018608674070533e-01
1.117730349806985296e-01 1.187222080528911983e+00
6.613832497298214319e-01 1.577779715173459330e-01
7.879088286539821517e-01 2.557052415107280430e-01
2.027837808862811009e-01 1.434103154569279726e+00
2.853601785439735528e-01 1.297064434200436711e+00
9.171607049761330011e-01 9.604375104492962612e-02
1.010285025020451144e+00 2.261449937243695807e-01
3.607774111018021146e-01 1.644510458151966947e+00
4.005815860142892815e-01 1.489545623463617074e+00
1.179898398589232400e+00 1.102608163006404129e-01
1.231797063553007554e+00 2.616047983594891879e-01
5.724791467144606516e-01 1.800765364405191082e+00
5.661667132818377635e-01 1.640894711955749319e+00
1.427520853285539237e+00 1.992346355948090841e-01
1.433833286718163569e+00 3.591052880442482387e-01
8.201016014107677110e-01 1.889739183699359781e+00
7.682029364469933341e-01 1.738395201640510646e+00
1.639222588898198385e+00 3.554895418480328861e-01
1.599418413985711718e+00 5.104543765363807051e-01
1.082839295023866999e+00 1.903956248955072095e+00
9.897149749795488560e-01 1.773855006275628643e+00
1.797216219113718649e+00 5.658968454307200524e-01
1.714639821456026780e+00 7.029355657995641771e-01
1.338616750270178679e+00 1.842222028482654705e+00
1.212091171346015628e+00 1.744294758489268071e+00
1.888226965019301762e+00 8.127779194710875732e-01
1.769816494090064474e+00 9.203763985717101637e-01
1.565943295882501252e+00 1.709723491699848053e+00
1.416647260628834282e+00 1.652198139132591725e+00
1.534867666232508476e+00 1.486699459499877918e+00
1.904608014974894514e+00 1.075389575328112191e+00
1.760312434035491869e+00 1.144507283998259739e+00
1.844983017185664265e+00 1.331666925533413037e+00
1.686926181688061854e+00 1.356496526475344355e+00
1.312221505234957564e-01 1.078348743753304806e+00
1.614769362723272594e-01 1.142056613806439858e+00
2.508214271830468411e-01 1.156899020147350132e+00
2.497579209758200858e-01 6.213133911307826551e-01
2.733379631158700529e-01 6.801440962690107339e-01
3.946732907903778287e-01 7.095023200597927460e-01
2.244247065341277714e-01 7.280993982987983282e-01
3.378581676398496603e-01 6.789009476783975927e-01
2.838746214138371804e-01 7.398140593559898726e-01
3.475397432359584315e-01 7.548721674289029515e-01
1.833880330888525423e-01 7.865439831126879167e-01
4.045177149367015224e-01 5.986261467689424354e-01
4.575415634362609563e-01 8.219823523284037758e-01
2.419852868100931254e-01 7.840586773230223683e-01
2.493031234037194899e-01 8.741368049214630620e-01
1.775079991464248441e-01 8.552833743328619454e-01
3.746534897556760835e-01 8.341377397210968381e-01
4.113472051105460658e-01 7.739922419104132700e-01
5.258713487082125049e-01 7.099814576048010251e-01
4.770091090206129425e-01 7.570153108105186490e-01
5.910454076568153470e-01 8.265868603793791181e-01
5.248977133341302670e-01 8.067655290636820409e-01
5.202095270792826964e-01 9.426955525352522791e-01
5.047161669021836827e-01 8.741153323174261081e-01
4.163252136138048121e-01 9.301244595970580287e-01
4.462547540856257045e-01 8.796060708170780895e-01
3.450196054946877422e-01 4.893974632220674525e-01
3.538382577023192477e-01 4.294740009490091159e-01
4.287995187904301009e-01 4.207323970219485343e-01
3.754361790364260654e-01 5.436481998822616513e-01
5.189781094700427477e-01 3.229976302985468894e-01
5.446125284928664545e-01 2.681207998606283671e-01
6.189317507105790428e-01 2.812455669858586749e-01
5.205322446392210978e-01 4.149022967968282183e-01
7.333525418615772784e-01 2.134801968044830744e-01
7.736488988102764308e-01 1.682608030202580596e-01
8.410817086181934243e-01 2.021491854624257178e-01
7.084828316014281091e-01 3.019696344332810645e-01
2.497542428019441374e-01 1.356153859387639882e+00
2.001624848748087271e-01 1.321379623188318364e+00
2.259932547999447539e-01 1.250468568844075534e+00
3.517312299354611316e-01 1.377330485028651408e+00
2.970262848807748157e-01 1.384638910432236525e+00
3.338470288121277441e-01 1.451856498195853273e+00
9.701309537655725679e-01 1.700469243219586424e-01
1.021703509425499146e+00 1.382843447627732092e-01
1.076584136371685707e+00 1.900890075754092523e-01
9.209269753892990185e-01 2.476861642218436965e-01
3.834185111599759943e-01 1.556364570556226123e+00
3.259367638114670784e-01 1.537274293467823183e+00
4.871849200231729848e-01 1.547404226254516457e+00
4.368742364207637285e-01 1.570095176229657774e+00
4.914263444083008525e-01 1.623928611960009372e+00
1.209418992067527121e+00 1.963471187684222574e-01
1.267934570009860984e+00 1.807100763490754047e-01
1.305651890289435846e+00 2.460783412339987708e-01
1.140014911830340427e+00 2.566128362760971005e-01
5.688885576048309245e-01 1.709828987845911641e+00
5.083464933130863450e-01 1.708026653569458597e+00
6.657258333144800977e-01 1.671484530469353302e+00
6.240365638721050434e-01 1.707651489267089318e+00
6.917365145942765414e-01 1.743577635186646546e+00
1.431111442395169853e+00 2.901710121540869158e-01
1.491653506686914099e+00 2.919733464305408477e-01
1.509038474261678697e+00 3.654129080139387198e-01
1.347338658813189260e+00 3.279996229032414168e-01
7.905810079324733231e-01 1.803652881231577743e+00
7.320654299901392381e-01 1.819289923650924123e+00
8.723527881313695165e-01 1.739146049488943913e+00
8.427877059300001861e-01 1.785750233954958244e+00
9.179472834946961202e-01 1.800750540242309183e+00
1.616581488840024727e+00 4.436354294437726553e-01
1.674063236188532811e+00 4.627257065321765950e-01
1.669655149126098470e+00 5.380661012191392256e-01
1.525478672899184041e+00 4.558485366624088764e-01
1.029869046234427321e+00 1.829953075678040886e+00
9.782964905745008544e-01 1.861715655237226708e+00
1.089704786192602803e+00 1.744703796490312264e+00
1.074747978275660820e+00 1.797829477589493408e+00
1.151052201667569719e+00 1.790643603879541690e+00
1.750245757198056085e+00 6.438461406123605624e-01
1.799837515125191967e+00 6.786203768116816359e-01
1.774006745200056523e+00 7.495314311559253539e-01
1.659467456352568870e+00 6.294175871196819871e-01
1.266647458138421278e+00 1.786519803195514955e+00
1.226351101189723014e+00 1.831739196979741413e+00
1.299519700622659757e+00 1.687690804149549972e+00
1.300427852579735477e+00 1.742874310338800914e+00
1.371465566524693758e+00 1.714106020749535109e+00
1.820873645269837526e+00 8.739812464281367932e-01
1.858408665904296209e+00 9.215176764951972244e-01
1.813325539600100900e+00 9.820413745462688304e-01
1.738047140899088516e+00 8.341233333617634749e-01
1.481021890529956142e+00 1.677002369701452222e+00
1.455387471507133101e+00 1.731879200139371466e+00
1.483395236692181651e+00 1.574904677604137326e+00
1.822530929011320744e+00 1.114704570833811914e+00
1.844855483308901034e+00 1.171009137548814749e+00
1.784307928870410231e+00 1.216060219163526135e+00
1.754615384798941413e+00 1.052766198925751739e+00
1.755078361826085454e+00 1.345790305318743885e+00
1.760316718960025284e+00 1.406132244068564630e+00
1.689392000967368412e+00 1.431925473428217632e+00
1.707780108039521627e+00 1.266975596989483588e+00
2.494785794646897092e-01 1.092115653777316897e+00
3.546635817314446326e-01 1.033534015335399348e+00
3.354398575259763260e-01 1.122739425034754435e+00
2.938871597607781716e-01 1.048130371330057597e+00
2.904105888207398900e-01 9.563123260465333786e-01
3.148155061875800298e-01 8.630285803676092105e-01
3.669203983541065583e-01 8.945340397287910861e-01
3.569530173145267216e-01 9.604560913985886739e-01
4.730557166922319534e-01 3.924824777158062439e-01
6.694308923362941588e-01 2.668752611925554463e-01
2.200521702209819463e-01 1.198813349459276090e+00
2.888536931384185769e-01 1.217069460501883249e+00
8.935808068331294596e-01 2.028659002910651321e-01
1.126672165737829800e+00 2.058325239470271129e-01
1.349120405725130922e+00 2.755258735473133935e-01
1.542235208702176674e+00 4.060902458817752247e-01
1.689790880564639997e+00 5.865554950384278543e-01
1.779389649841408794e+00 8.017587547629135836e-01
1.565263597650852434e+00 1.576364356655544752e+00
1.803503340545977274e+00 1.033618437270587220e+00
1.699497391476939123e+00 1.494558127999359609e+00
1.630757996086281914e+00 1.532798925170130389e+00
1.590188684761116189e+00 1.397413713592531526e+00
1.760105896865608255e+00 1.262653465888407212e+00
4.090133784957909469e-01 1.262390806049777270e+00
1.524964030960975991e+00 1.540041219593181188e+00
1.455622496974826596e+00 1.499576751628242333e+00
1.656031784051210654e+00 1.581261368091541275e+00
1.646433128663356671e+00 1.395575047672739988e+00
1.626412235208775758e+00 1.462795280604338943e+00
1.615922767211698696e+00 1.323441643469839502e+00
3.414985722373719002e-01 1.259442321287550515e+00
3.536810009577666114e-01 1.190416682089769473e+00
3.728456035651773748e-01 1.316109585951625194e+00
4.734937890512442848e-01 1.121826469178256236e+00
4.932702636769757953e-01 1.358154181498258506e+00
4.045866261624969651e-01 1.140399110807476024e+00
4.224643957313365950e-01 1.367474028373198536e+00
4.218275324632843604e-01 1.067251297721127479e+00
4.574877016489348747e-01 1.199555637392981433e+00
4.509712730871991426e-01 1.310422549503756473e+00
4.678434576362897612e-01 1.438605950708516268e+00
3.944907774584243132e-01 1.425456595681421579e+00
5.549259886196046265e-01 1.260907735397796881e+00
5.100841196498890895e-01 1.300645865319616457e+00
6.014430824925949270e-01 1.358568836388962087e+00
1.393924351494941538e+00 1.565108056560956307e+00
1.478482304257811464e+00 1.389982169148262781e+00
1.573951954565725453e+00 1.449134705087028463e+00
1.519049602782289954e+00 1.431126516998402431e+00
1.667775662333681019e+00 1.304845978643610183e+00
1.615630227961655452e+00 1.209697480472060604e+00
4.141019050645945443e-01 9.988874829763338958e-01
4.646739437232000891e-01 9.661051693737497947e-01
5.287707824393336198e-01 1.040585232494692702e+00
4.043771186327149159e-01 1.208698759961801761e+00
4.586600582247150615e-01 1.496356855373999206e+00
5.465650510551705032e-01 1.480729667315024534e+00
5.402942528633514208e-01 1.176094684982140093e+00
1.538053309760277543e+00 1.337814041575023483e+00
4.782151979542447751e-01 1.065612935686327534e+00
5.314005899711683467e-01 1.414449242161991638e+00
6.033949416202586402e-01 1.432852447520898354e+00
7.439382753774532731e-01 1.391992114252194046e+00
6.515857186233324772e-01 1.547721458825382035e+00
6.683047004518071210e-01 1.393979444718859817e+00
6.095425556681656198e-01 1.497816548723533758e+00
6.885045637968469912e-01 1.473956195687788684e+00
5.785973955450239847e-01 1.566549188548048255e+00
5.094475049263906818e-01 1.225084929412861623e+00
5.402917948112968549e-01 1.107850200579127753e+00
6.626791880820911418e-01 1.052268794577572386e+00
6.296013754548267505e-01 1.141969226043353158e+00
5.941918067342815135e-01 1.063999179506039505e+00
5.850850371295183150e-01 9.863408730794348545e-01
1.408881214589762898e+00 1.250408135157739409e+00
1.565188788905964579e+00 1.266699668782313548e+00
8.105768889111089059e-01 1.581173692403879949e+00
6.294855723755894417e-01 1.612935733718034781e+00
7.097082769993502405e-01 1.603770170605014700e+00
5.273238500522708927e-01 1.583559229422244474e+00
6.039573400778247558e-01 1.208780328558090922e+00
7.440625884207697771e-01 1.224229766171496259e+00
6.318762454658939376e-01 1.284164313403542312e+00
6.760373207888765723e-01 1.198119699071533484e+00
7.117467974242384088e-01 1.121311982367876103e+00
6.912091443231977994e-01 1.260261207845897680e+00
7.625472712601123471e-01 1.308124683546218137e+00
6.839525134134307738e-01 1.327838984271056733e+00
5.916145419415860252e-01 9.065962906934177390e-01
1.461997398973062579e+00 1.311061730741083453e+00
1.497706678552212178e+00 1.156165510943531816e+00
7.391164952868662930e-01 1.671012779942092186e+00
7.661192420002351788e-01 1.619151190828552744e+00
7.524518520016072465e-01 1.558141211957198458e+00
8.400671662460053035e-01 1.660706437847172312e+00
8.204640610979658799e-01 1.471363557547783252e+00
7.918734976881282028e-01 1.688208547492707323e+00
8.187486158136101366e-01 9.933106582709811949e-01
5.569565803966586293e-01 8.668360851793448507e-01
6.794309994537590658e-01 9.539263323775012404e-01
1.319886871541279705e+00 1.381927688253100195e+00
1.548439364102963900e+00 1.201059044721768831e+00
1.496557904209850687e+00 1.249254838646216559e+00
1.596083510012267004e+00 1.096105559100204907e+00
1.588395190360667009e+00 1.155906297792428594e+00
1.673441381028717867e+00 1.136445718708564590e+00
7.045814584214229459e-01 1.528123940787737167e+00
7.547027596870000687e-01 1.483778353769994673e+00
9.768415266110226369e-01 1.564757520147269876e+00
8.456007122350281957e-01 1.370551318386017403e+00
7.484506989882077077e-01 1.043269978382791452e+00
6.251630202842792805e-01 9.494828577172031991e-01
6.573721765598639077e-01 8.897217862510647945e-01
7.739868474347001426e-01 8.855480215810801470e-01
7.163140102874007153e-01 9.053627384068239081e-01
7.125648544312227495e-01 8.006116058451828721e-01
7.647681908118597605e-01 9.525549590660867816e-01
1.381642731227675780e+00 1.327846217924693040e+00
1.452092415888851074e+00 1.202154357553247621e+00
1.338557532925399141e+00 1.143958681769851493e+00
1.387688231450712850e+00 1.187955164725924107e+00
1.295535545154031354e+00 1.254048872093373346e+00
1.421951725531269473e+00 1.100262986535399001e+00
1.329256558522915022e+00 1.203775312954492360e+00
1.216618841422248076e+00 1.164669483721205490e+00
1.279471552172102289e+00 1.165402743824532905e+00
1.249442145977005536e+00 1.045294098172003805e+00
1.288893061622032432e+00 1.099238911158478604e+00
1.356123359812572593e+00 1.008674029218517232e+00
1.353749948689440208e+00 1.077148587429372473e+00
1.307687872462312884e+00 1.041273608320004485e+00
1.271061083291848970e+00 9.345728172164289305e-01
1.668894225621238903e+00 1.050823199741297342e+00
1.720546860268185485e+00 1.100929261182084895e+00
1.711709507045912071e+00 1.196160168905803234e+00
9.442122941372657063e-01 1.663704627184113827e+00
7.899020604196581585e-01 1.358192575861334017e+00
8.313612939824130965e-01 1.303034516862864978e+00
9.671086757238529508e-01 1.309665103689131582e+00
8.983648843420428687e-01 1.324163296371147824e+00
9.051159695125621241e-01 1.185948963337903450e+00
9.582183609718956108e-01 1.437736189540498533e+00
9.198776393586083344e-01 1.255942042792730806e+00
9.444464453558477635e-01 1.372436071463586593e+00
8.513360192793527625e-01 1.233844425716433602e+00
1.045842086000103199e+00 1.192822736681622420e+00
1.066101897582556024e+00 1.380881031966555428e+00
7.953577731714499555e-01 1.255162205021542521e+00
8.014634342506161691e-01 1.187039646072820975e+00
9.911427103285821438e-01 1.240912107584740021e+00
1.004072944346977803e+00 1.393963052870499375e+00
7.474867263345597035e-01 1.166622190576316331e+00
7.787813607909755964e-01 1.105186879108650544e+00
9.764713340103907679e-01 1.169070457209169467e+00
1.077939189405189735e+00 1.284485324082877522e+00
1.056705023077947558e+00 1.489922813544765523e+00
9.144381173299156451e-01 1.066089377718302700e+00
1.020891193523321361e+00 1.289888601871385099e+00
9.289670427335402492e-01 1.127511683699072398e+00
1.055563180926667899e+00 1.051253348573131685e+00
8.527001817117024762e-01 1.130469524775727042e+00
1.031771858278349718e+00 1.120738129806773786e+00
9.857898666097431040e-01 1.066178652742660216e+00
1.130598748772615014e+00 1.115760658711632658e+00
9.502840716884580763e-01 9.302003033271495358e-01
1.082694487936716188e+00 1.148214008757971305e+00
1.145596984706614974e+00 1.189481814480653599e+00
1.005629477694041540e+00 9.883735631873529215e-01
7.014208319208654618e-01 1.008270111594794960e+00
1.398021833271803072e+00 1.408849957657880791e+00
1.352915142598944298e+00 1.274231877075948871e+00
1.305110389230065060e+00 1.318483541211058263e+00
1.193008278122281940e+00 1.378035559004334498e+00
1.256964212400605296e+00 1.363139878699347385e+00
1.253040686369561785e+00 1.491041968338195689e+00
1.204651664117841081e+00 1.283279377871801019e+00
1.238024846531958323e+00 1.426570118370653617e+00
1.154933135641813102e+00 1.479907183561476991e+00
1.546220496634196140e+00 9.347511602080076365e-01
1.713360342787175084e+00 9.809616576564034185e-01
8.914716318523735472e-01 1.685412601571979696e+00
8.934875328490274882e-01 1.615388249031651346e+00
9.405367033264868670e-01 1.729696676275928491e+00
1.011140042872214817e+00 1.700530719224800480e+00
8.347947165029954153e-01 1.062120220054651565e+00
9.360818073597794164e-01 9.991263212166020535e-01
8.764280032484226268e-01 1.016135789995464611e+00
8.735973703963945125e-01 9.389980087619316240e-01
8.166640281059487361e-01 9.255570568449846824e-01
8.703274782597596460e-01 8.255487197865813975e-01
1.088783870398491560e+00 8.538472411534039352e-01
1.429104573900944919e+00 1.360407159698577173e+00
1.447955600507494944e+00 1.440796150626666883e+00
1.388702104054022390e+00 1.478415034454522159e+00
1.197012367950471612e+00 1.222599946153372530e+00
1.141072541763617387e+00 1.260463139240872943e+00
1.133021615128764648e+00 1.334276607745531917e+00
1.096752775886991493e+00 1.222003279756595617e+00
1.592325777020996647e+00 1.008885072527107685e+00
1.688616450810434211e+00 9.013072945107061251e-01
1.006659220764055007e+00 1.629443866897771098e+00
1.054875399983355333e+00 1.568002702647402824e+00
1.085541102033551697e+00 1.660156346368594216e+00
9.058257924803250205e-01 8.812973373441532754e-01
9.858418734316524157e-01 7.911703433400267826e-01
9.755245034114899960e-01 8.625936575857207078e-01
9.314819561748060028e-01 8.197746949016727624e-01
9.041671655699163868e-01 7.019103022717355644e-01
9.332913469885436575e-01 7.572581079606005572e-01
1.030287440879641192e+00 8.340475238299767113e-01
1.097256511785912103e+00 7.325046094994792645e-01
1.036343350606514502e+00 9.124668979249299650e-01
1.077096972139565567e+00 7.920641007180563298e-01
8.652703524405596092e-01 7.577144407137758053e-01
1.008301243841865036e+00 6.986948555849861187e-01
1.200644776063256369e+00 8.006907162989203020e-01
7.939664364408824948e-01 7.971358789689267921e-01
1.137738844188741050e+00 8.125900017758329597e-01
7.784051261292663781e-01 6.557092381673534920e-01
1.185716976840778258e+00 8.940011517162194110e-01
8.352233989851832741e-01 6.953129271286090374e-01
7.700935725376432117e-01 7.281931998878998780e-01
8.822640798343814872e-01 5.672654010606805741e-01
6.510593828505121250e-01 6.778253353966965378e-01
8.755468099063754561e-01 6.374620898885996478e-01
7.179854868568319448e-01 6.854995834223723827e-01
9.682896138443708445e-01 6.109171060435506506e-01
6.776856107564783738e-01 7.412854998782323346e-01
6.975651871346475463e-01 5.679183384526984568e-01
6.485424850099470451e-01 7.983356698405837948e-01
5.994794878740253852e-01 7.367828296584764125e-01
7.250712960392388107e-01 6.237051768923675965e-01
7.898774638674528337e-01 5.570775582816756000e-01
1.324691845923280153e+00 1.525774709802044216e+00
1.508015441516495025e+00 1.056208617820699747e+00
1.651924075427445571e+00 9.909400096321508977e-01
1.607373984047125060e+00 7.897567108951925041e-01
1.110440894839169967e+00 1.530243371496867510e+00
1.195464535428112152e+00 1.560564432742227448e+00
1.150746985988534643e+00 1.699321419745295492e+00
8.181140810917810757e-01 8.490564110251778152e-01
7.547974213318819903e-01 8.347479596985704076e-01
1.114266004788280418e+00 9.294094800813060830e-01
5.498451629886099701e-01 7.586195641617745622e-01
1.323481614455929600e+00 1.608501292267660476e+00
1.315197892896030618e+00 1.454088077840265614e+00
1.562143056370833394e+00 1.053876629866167258e+00
1.537383663752295737e+00 1.108530240271213607e+00
1.532774834135032682e+00 1.001555007415653398e+00
1.444012411909210813e+00 9.942786109957002516e-01
1.665677750570773163e+00 8.326537858033317141e-01
1.610647396452687730e+00 8.891996052894586278e-01
1.607065021285531747e+00 9.498962935043140376e-01
1.673180325083652553e+00 7.613861650499077482e-01
1.608313074778835894e+00 7.014297860345324320e-01
1.264340709693652531e+00 1.559002806551764264e+00
1.231655392221047807e+00 1.637090256342876859e+00
1.152116255991250782e+00 1.623178587847762921e+00
1.185418501261122470e+00 9.831939867906365205e-01
1.074214045552348340e+00 9.851760269330818165e-01
1.130754153772780102e+00 1.036805775428772280e+00
1.376748416563746025e+00 1.616098865370893645e+00
1.529037710864595834e+00 8.421106693886256656e-01
1.661717085801378557e+00 6.851906677520966937e-01
1.553460333993692322e+00 6.082897082847796844e-01
1.241776915497537770e+00 1.694324809030279155e+00
1.098311298423031435e+00 1.604727754529967632e+00
1.189992148034895392e+00 1.042532107771005245e+00
1.217083663734552346e+00 1.100597070811725198e+00
1.349129586664810754e+00 1.663756093563253380e+00
1.520575598204486178e+00 7.446654169400724887e-01
1.613828808362480105e+00 5.769357035650138910e-01
1.601734732212368728e+00 6.425817730173184472e-01
1.542723614230065321e+00 6.789700358154082682e-01
1.406491959750093113e+00 6.696230771919967628e-01
1.477448126203913858e+00 6.328986937362495180e-01
1.575384409979747602e+00 7.452481435235625007e-01
1.467652524089989363e+00 7.008826961882170803e-01
1.428798448448463043e+00 8.017253632059215818e-01
1.465124839071252794e+00 7.578152491191767481e-01
1.397725570587179833e+00 7.390378037766608399e-01
1.314639719348865254e+00 8.192665361792019763e-01
1.273607432919999116e+00 6.881020010469076631e-01
1.368931647809576990e+00 7.923551924090411758e-01
1.384123563348368835e+00 8.912248502784804183e-01
1.313017839377415896e+00 7.477735640124053562e-01
1.261761272975718828e+00 7.847012465576888030e-01
1.341095025205051749e+00 6.863796452758060829e-01
1.251258828598377892e+00 8.584977527768927752e-01
1.214777715188898988e+00 7.299135763057286175e-01
1.304069933010963078e+00 5.586687976774701303e-01
1.305823589332690160e+00 6.273828489986574830e-01
1.164536466351089317e+00 5.969300613307518821e-01
1.380242168504987488e+00 5.911042037489405709e-01
1.238940325739065207e+00 5.947103783969741597e-01
1.208698117310627707e+00 6.590663822994508037e-01
1.155314304164217987e+00 6.993318488661082188e-01
1.160000810960066353e+00 7.580518645002347622e-01
1.083627383467216765e+00 6.412596634542029328e-01
1.489748926817704433e+00 5.411956878879248256e-01
1.386650155531825801e+00 4.703952722247594087e-01
1.202841559111981207e+00 4.526098091861895378e-01
1.361447499328483746e+00 5.295819110220608694e-01
1.293751567462065433e+00 4.671788152324614085e-01
1.426770480909122618e+00 5.224383494421079854e-01
1.455603659460117161e+00 4.587246361158369701e-01
1.412886197229213048e+00 4.158714471816847280e-01
1.342050663301231905e+00 4.153605635242786920e-01
1.259939278485015191e+00 3.872442403715183334e-01
1.199745901115956581e+00 5.290317113424014561e-01
1.441517552819095993e+00 5.825278671792358809e-01
1.467948538321550700e+00 4.038383661303678318e-01
1.311819539885670460e+00 3.696901479135569213e-01
1.266063086586349362e+00 3.199010222428775863e-01
1.174294441035805381e+00 3.455061462574008924e-01
1.251839071691837058e+00 4.377892030729159112e-01
1.243871456560951216e+00 4.937323005467972314e-01
1.058941578727885524e+00 4.990943786932000581e-01
1.203073423573538747e+00 3.951917417214015349e-01
1.113993481979213218e+00 4.235415228171280355e-01
1.125218938771300303e+00 5.334632313271243653e-01
1.107304476055010811e+00 5.884731573715427100e-01
1.035935395751263588e+00 5.881643217513341515e-01
1.016393166329885966e+00 6.419982216502380101e-01
9.772048963537304234e-01 5.254884736532730027e-01
1.111225844162209597e+00 4.793581992759620714e-01
9.377305281524781488e-01 5.645484645414632352e-01
9.064485079986447369e-01 4.934580153368848254e-01
1.163842185638185533e+00 4.893036929073099617e-01
8.414888451607710484e-01 5.130386584237125458e-01
7.317837240691109635e-01 4.367321849314666493e-01
8.416001662778092030e-01 3.958643502332989117e-01
7.766229474360842877e-01 4.892815052267753262e-01
8.592650332182639739e-01 4.544683396650752716e-01
9.473101040896032554e-01 3.959647796579821022e-01
7.096577002756913055e-01 5.010166935024332746e-01
7.920548375975755562e-01 4.307089592746135009e-01
7.548859663895890471e-01 3.633420544330961399e-01
5.896386951669909671e-01 5.138668721452150923e-01
6.426415329519168385e-01 4.420004408679393815e-01
6.515339513337911059e-01 5.250544774592804664e-01
6.234579077699544669e-01 6.013534279073708966e-01
9.987056213671524629e-01 4.523141966480210274e-01
7.649108892551931271e-01 3.075335939815638242e-01
8.475923970961068976e-01 3.132054439342604191e-01
6.780936625893468905e-01 3.731753182434019989e-01
6.709903508549248663e-01 6.274143900690596354e-01
5.798376818450482473e-01 6.603146825399074382e-01
4.947872469744539203e-01 6.220540290067348987e-01
9.430310246154612885e-01 4.514809440802394769e-01
1.038092937501933433e+00 3.647762992556579653e-01
1.056790190159641263e+00 4.396934331619223868e-01
8.086230420799976892e-01 3.519270721722450590e-01
8.944910114585989946e-01 3.581519391037482070e-01
9.642838273134595184e-01 3.164581796840075789e-01
6.232321211074199896e-01 3.884592288158232876e-01
5.802852630044454951e-01 4.343167372718769736e-01
6.377871051958764470e-01 3.341129641530140582e-01
9.720211544193563258e-01 2.635272094207802840e-01
1.037920287381671303e+00 2.927062977706435531e-01
1.102436719800841347e+00 3.285869504410703912e-01
3.254567852307501119e-01 5.715342646001749793e-01
2.255735037318132019e-01 9.643662872497040794e-01
1.435285210159466862e+00 1.600825872136894645e+00
8.842589267584264334e-01 1.433730328222649453e+00
9.172912852373623638e-01 1.508612569368139145e+00
9.201055588160486076e-01 1.565281114941189378e+00
8.604963261013957032e-01 1.539837274918208765e+00
1.101119558347184890e+00 1.438824529975354150e+00
1.044317124769446270e+00 1.434303616357149647e+00
1.136514679429228236e+00 1.392483795804342339e+00
1.253431870197482034e+00 1.215900101348212026e+00
1.031843942622624244e+00 7.533777114694136801e-01
9.552938621144083653e-01 6.698490467869659959e-01
8.202143789607377888e-01 6.105892367517913311e-01
1.477977672169217715e+00 1.103620788668296049e+00
1.201544221927958622e+00 1.506996881716038628e+00
1.451059285729713988e+00 1.051033578071473018e+00
1.726388227822407639e+00 7.792281092342880910e-01
1.216782383203601547e+00 9.387020261753257211e-01
1.584480810592161060e+00 8.402856206352024016e-01
1.458549004788638470e+00 8.724755391651037861e-01
1.509457676957561834e+00 8.936560985932927581e-01
1.487060672586300036e+00 9.506831826457794454e-01
1.427515347684134905e+00 9.349369075360920434e-01
1.317347645491192543e+00 8.861781184628051422e-01
1.346531730998577370e+00 9.443251070454840024e-01
1.303143323242347718e+00 9.831968317255044276e-01
1.246000593395345968e+00 9.880490840420507181e-01
1.138955939928054439e+00 6.462424760937883761e-01
1.062083813131877941e+00 6.911179508496735346e-01
1.540828068421870478e+00 5.124269393843637888e-01
1.184191386908281851e+00 2.906334456335111782e-01
8.629431075434876863e-01 2.565865321748485584e-01
4.603674973447435814e-01 6.836802374125489079e-01
4.112098397161787489e-01 6.550954419667743833e-01
4.648869125147058745e-01 5.516405864243530965e-01
4.865940935629182729e-01 4.807827590650065597e-01
5.270097273838909580e-01 5.319179168751421161e-01
1.080275241412846032e+00 2.500722038679123460e-01
5.561390744958302212e-01 5.931588908097965573e-01
9.893282777970102693e-01 1.498050903558354463e+00
