2.000000000000000000e+00 1.000000000000000000e+00
1.866025403784438819e+00 1.500000000000000000e+00
1.500000000000000000e+00 1.866025403784438597e+00
1.000000000000000000e+00 2.000000000000000000e+00
5.000000000000002220e-01 1.866025403784438819e+00
1.339745962155615144e-01 1.500000000000000444e+00
0.000000000000000000e+00 1.000000000000000222e+00
1.339745962155611814e-01 5.000000000000002220e-01
4.999999999999995559e-01 1.339745962155616255e-01
9.999999999999997780e-01 0.000000000000000000e+00
1.499999999999999334e+00 1.339745962155609593e-01
1.866025403784438375e+00 4.999999999999995559e-01
9.999999999999995559e-01 9.999999999999997780e-01
