2.000000000000000000e+00 1.000000000000000000e+00
1.998533413851123708e+00 1.054138908585417589e+00
1.994137957154359597e+00 1.108119018423941782e+00
1.986826522541526252e+00 1.161781996552764706e+00
1.976620555710086657e+00 1.214970440211023961e+00
1.963549992519222798e+00 1.267528338529220866e+00
1.947653171182802456e+00 1.319301530135979839e+00
1.928976719816791530e+00 1.370138155339914343e+00
1.907575419670957118e+00 1.419889101560264599e+00
1.883512044446022937e+00 1.468408440699790152e+00
1.856857176167589163e+00 1.515553857177021735e+00
1.827688998156890676e+00 1.561187065362382276e+00
1.796093065705643754e+00 1.605174215193765130e+00
1.762162055127636462e+00 1.647386284781827470e+00
1.725995491923130842e+00 1.687699458853423096e+00
1.687699458853423540e+00 1.725995491923130842e+00
1.647386284781827692e+00 1.762162055127636240e+00
1.605174215193765352e+00 1.796093065705643532e+00
1.561187065362382498e+00 1.827688998156890676e+00
1.515553857177021735e+00 1.856857176167589163e+00
1.468408440699790152e+00 1.883512044446022937e+00
1.419889101560264821e+00 1.907575419670957118e+00
1.370138155339914565e+00 1.928976719816791530e+00
1.319301530135980283e+00 1.947653171182802456e+00
1.267528338529221088e+00 1.963549992519222798e+00
1.214970440211024183e+00 1.976620555710086657e+00
1.161781996552764928e+00 1.986826522541526252e+00
1.108119018423941782e+00 1.994137957154359597e+00
1.054138908585417811e+00 1.998533413851123708e+00
1.000000000000000222e+00 2.000000000000000000e+00
9.458610914145827442e-01 1.998533413851123930e+00
8.918809815760584403e-01 1.994137957154359597e+00
8.382180034472355157e-01 1.986826522541526252e+00
7.850295597889761501e-01 1.976620555710086879e+00
7.324716614707793561e-01 1.963549992519223020e+00
6.806984698640201614e-01 1.947653171182802456e+00
6.298618446600857679e-01 1.928976719816791530e+00
5.801108984397357338e-01 1.907575419670957118e+00
5.315915593002099593e-01 1.883512044446022937e+00
4.844461428229784872e-01 1.856857176167589385e+00
4.388129346376177242e-01 1.827688998156890676e+00
3.948257848062350917e-01 1.796093065705643976e+00
3.526137152181727519e-01 1.762162055127636684e+00
3.123005411465769043e-01 1.725995491923130842e+00
2.740045080768693797e-01 1.687699458853423540e+00
2.378379448723636491e-01 1.647386284781827914e+00
2.039069342943564678e-01 1.605174215193765352e+00
1.723110018431095458e-01 1.561187065362382498e+00
1.431428238324109481e-01 1.515553857177021957e+00
1.164879555539772849e-01 1.468408440699790596e+00
9.242458032904310450e-02 1.419889101560264821e+00
7.102328018320869241e-02 1.370138155339914787e+00
5.234682881719765479e-02 1.319301530135980283e+00
3.645000748077720232e-02 1.267528338529221310e+00
2.337944428991334256e-02 1.214970440211024183e+00
1.317347745847385898e-02 1.161781996552765150e+00
5.862042845640402788e-03 1.108119018423942448e+00
1.466586148876181106e-03 1.054138908585417811e+00
0.000000000000000000e+00 1.000000000000000666e+00
1.466586148876070084e-03 9.458610914145828552e-01
5.862042845640291766e-03 8.918809815760587734e-01
1.317347745847374796e-02 8.382180034472355157e-01
2.337944428991323154e-02 7.850295597889763721e-01
3.645000748077698027e-02 7.324716614707793561e-01
5.234682881719743275e-02 6.806984698640203835e-01
7.102328018320835934e-02 6.298618446600863230e-01
9.242458032904277143e-02 5.801108984397358448e-01
1.164879555539768408e-01 5.315915593002104034e-01
1.431428238324106150e-01 4.844461428229785982e-01
1.723110018431091017e-01 4.388129346376180573e-01
2.039069342943560237e-01 3.948257848062350917e-01
2.378379448723632050e-01 3.526137152181727519e-01
2.740045080768689356e-01 3.123005411465769043e-01
3.123005411465763492e-01 2.740045080768694907e-01
3.526137152181718637e-01 2.378379448723639822e-01
3.948257848062345365e-01 2.039069342943564678e-01
4.388129346376175022e-01 1.723110018431095458e-01
4.844461428229775990e-01 1.431428238324111701e-01
5.315915593002094042e-01 1.164879555539773959e-01
5.801108984397351787e-01 9.242458032904310450e-02
6.298618446600855458e-01 7.102328018320858138e-02
6.806984698640192732e-01 5.234682881719776582e-02
7.324716614707786899e-01 3.645000748077720232e-02
7.850295597889757060e-01 2.337944428991334256e-02
8.382180034472344055e-01 1.317347745847397000e-02
8.918809815760575521e-01 5.862042845640513811e-03
9.458610914145820781e-01 1.466586148876181106e-03
9.999999999999997780e-01 0.000000000000000000e+00
1.054138908585416701e+00 1.466586148876070084e-03
1.108119018423941116e+00 5.862042845640291766e-03
1.161781996552764484e+00 1.317347745847374796e-02
1.214970440211023073e+00 2.337944428991312051e-02
1.267528338529220200e+00 3.645000748077686925e-02
1.319301530135979394e+00 5.234682881719743275e-02
1.370138155339914121e+00 7.102328018320847036e-02
1.419889101560263711e+00 9.242458032904254939e-02
1.468408440699789486e+00 1.164879555539767297e-01
1.515553857177021513e+00 1.431428238324105040e-01
1.561187065362381610e+00 1.723110018431088797e-01
1.605174215193764464e+00 2.039069342943558016e-01
1.647386284781827248e+00 2.378379448723632050e-01
1.687699458853423096e+00 2.740045080768689356e-01
1.725995491923130176e+00 3.123005411465760162e-01
1.762162055127636018e+00 3.526137152181717527e-01
1.796093065705643532e+00 3.948257848062344255e-01
1.827688998156889788e+00 4.388129346376167250e-01
1.856857176167588719e+00 4.844461428229774880e-01
1.883512044446022493e+00 5.315915593002092931e-01
1.907575419670956896e+00 5.801108984397350676e-01
1.928976719816791086e+00 6.298618446600846577e-01
1.947653171182802234e+00 6.806984698640192732e-01
1.963549992519222798e+00 7.324716614707786899e-01
1.976620555710086435e+00 7.850295597889747068e-01
1.986826522541526030e+00 8.382180034472342944e-01
1.994137957154359597e+00 8.918809815760575521e-01
1.998533413851123708e+00 9.458610914145819670e-01
1.968914770975796480e-01 6.016948689805982076e-01
1.368488680605872976e-01 6.286993947002359473e-01
1.820533539635051379e-01 5.375529216203118743e-01
3.327226986945334697e-01 4.013588051951463842e-01
1.728090191545727183e+00 1.522986567638018540e+00
5.171984455401608116e-01 1.755336306532429447e+00
1.300438787139820973e-01 1.216348385692789025e+00
1.117522236720788209e-01 8.789786597190717421e-01
1.430326097872134938e-01 7.368704329293718214e-01
2.645792971464631105e-01 4.717479323011114500e-01
3.355852138670223916e-01 3.355852138670229468e-01
5.171984455401595904e-01 2.446636934675695541e-01
1.667277301305465809e+00 4.013588051951456626e-01
1.896125538325065474e+00 9.757245696948588787e-01
1.856967390212786340e+00 1.263129567070628623e+00
1.788223730223859942e+00 1.445642466923570124e+00
1.732355832692439535e+00 1.588684083686338067e+00
1.561637571103906108e+00 1.698708462578917722e+00
4.518282177149935408e-01 1.763152483564549344e+00
3.327226986945335252e-01 1.598641194804854226e+00
1.024275430305141121e+00 1.896125538325066140e+00
7.368704329293719324e-01 1.856967390212786118e+00
5.976846786212174356e-01 1.811194328997453029e+00
7.721020729163108332e-02 1.177067824681688357e+00
1.968914770975807027e-01 1.398305131019402348e+00
1.017640399930539730e-01 1.275800972106081677e+00
7.721020729163079188e-02 8.229321753183121979e-01
1.038744616749328886e-01 1.024275430305141565e+00
6.347524119496020245e-02 9.237412810924421347e-01
2.648975766030988166e-01 4.091081449545225235e-01
4.327077852631019406e-01 2.942568453660732164e-01
5.375529216203105420e-01 1.820533539635052211e-01
7.368704329293711552e-01 1.430326097872146041e-01
1.732355832692439090e+00 4.113159163136614893e-01
1.803108522902419297e+00 6.016948689805978745e-01
1.263129567070627735e+00 1.430326097872138824e-01
1.522986567638017874e+00 2.719098084542723726e-01
1.604668395965909600e+00 3.260044598561828155e-01
1.939279828377473924e+00 1.025444450621751047e+00
1.880393121164034564e+00 8.310673827766271726e-01
1.936524758805039159e+00 9.237412810924410245e-01
1.881987055972957679e+00 1.324026000747495102e+00
1.889257039130446847e+00 1.170633453843879845e+00
1.794679868857233185e+00 1.507949469215327465e+00
1.844940419437947954e+00 1.419051840281256194e+00
1.640270980606548079e+00 1.640270980606548745e+00
1.548171782285006515e+00 1.763152483564549344e+00
1.354241563325639275e+00 1.823494500144049013e+00
3.953316040340907889e-01 1.673995540143816685e+00
2.676441673075605210e-01 1.588684083686338733e+00
9.745555493782489531e-01 1.939279828377474368e+00
1.168932617223371828e+00 1.880393121164035453e+00
1.076258718907558531e+00 1.936524758805039603e+00
6.759739992525051200e-01 1.881987055972957457e+00
8.293665461561199326e-01 1.889257039130447513e+00
5.358185832152861927e-01 1.821014232248636677e+00
1.368488680605879915e-01 1.371300605299764497e+00
2.370588645596572175e-01 1.487662466329675803e+00
6.347524119495980000e-02 1.076258718907558976e+00
4.497723816658190654e-01 2.339854275110835047e-01
6.421918843216339878e-01 1.682144449628621974e-01
7.732330283064065002e-01 8.814981679380214097e-02
9.757245696948585456e-01 1.038744616749339433e-01
1.762941135440341922e+00 5.123375336703241967e-01
1.863151131939412064e+00 6.286993947002350591e-01
1.324026000747494658e+00 1.180129440270426266e-01
1.121021340280928147e+00 1.117522236720790429e-01
1.226766971693592501e+00 8.814981679380159973e-02
1.445642466923570346e+00 2.117762697761394475e-01
1.666906574132794638e+00 3.330934258672043624e-01
1.590891855045477365e+00 2.648975766030986501e-01
1.865595454726389990e+00 7.342212085760868590e-01
1.915269940549903405e+00 1.227617427208151701e+00
1.934514361749001932e+00 1.127325036532248248e+00
1.629822904136589035e+00 1.702034092240567009e+00
1.445642466923570346e+00 1.788223730223860164e+00
1.324026000747495324e+00 1.881987055972957457e+00
3.330934258672051951e-01 1.666906574132794860e+00
1.226766971693593389e+00 1.911850183206198261e+00
7.723825727918484096e-01 1.915269940549904071e+00
8.726749634677519740e-01 1.934514361749001932e+00
1.789857677513635448e-01 1.464181416784714251e+00
6.747587883373611373e-01 1.147051838628548176e-01
8.777602003664837227e-01 1.028092239666647534e-01
1.025444450621750603e+00 6.072017162252579814e-02
1.821014232248636011e+00 5.358185832152854156e-01
1.507949469215327243e+00 2.053201311427658993e-01
1.419051840281255528e+00 1.550595805620517686e-01
1.915269940549903627e+00 7.723825727918472994e-01
1.419051840281256194e+00 1.844940419437947954e+00
9.234552842052237143e-01 5.996294555641115687e-02
1.454857611947048823e-01 5.761999827679056274e-01
1.958311913126369319e-01 6.795898615326565473e-01
2.617861449902291193e-01 5.528953726071865749e-01
7.435935296996828980e-02 1.230196506256590494e+00
1.545882990696934856e-01 8.139108127041222440e-01
1.653250738038617162e-01 1.113722185362217898e+00
5.489687780144107687e-02 8.712322736961923830e-01
1.356194307974205870e-01 9.531346473038045941e-01
2.901581888533529274e-01 3.626523156983252338e-01
4.083072036428744833e-01 3.716992135103291961e-01
1.953485127375332420e+00 9.741707375064310170e-01
1.860575641586985185e+00 9.064067587618603872e-01
1.769838414665193316e+00 1.334514987175027256e+00
1.836350962214215565e+00 1.071193604644535835e+00
1.774590094057547640e+00 1.556864125011280464e+00
1.876495932388682064e+00 1.376619633108464802e+00
1.818790093096745997e+00 1.366655125350983102e+00
1.821672812460862101e+00 1.308916057996047266e+00
1.746986557454783817e+00 1.222964725754951409e+00
1.797933282941077682e+00 1.254119728233804798e+00
1.810559369254113760e+00 1.176239482080077892e+00
1.656155532143676057e+00 1.560644416008668989e+00
4.757013616988362004e-01 1.685545900315945200e+00
1.025829262493568761e+00 1.953485127375332642e+00
1.093593241238139280e+00 1.860575641586986295e+00
6.782150066841187153e-01 1.800822490718855695e+00
9.288063953554639429e-01 1.836350962214215565e+00
4.858880264946188188e-01 1.803602106913030578e+00
1.046741184036079075e-01 1.328926442644187134e+00
1.899014633418131259e-01 1.297615466425619202e+00
3.114090952900310239e-01 1.520293003523169872e+00
4.927429377026838753e-02 1.023532411388742291e+00
5.489687780144104218e-02 1.128767726303808505e+00
1.086600515278852708e-01 1.110595757454533317e+00
1.343285066011425943e-01 1.160443723435242491e+00
2.388369708946613268e-01 1.196135163751051111e+00
1.818317125011953972e-01 1.192200971188226211e+00
2.069438891919087586e-01 1.243294697163037199e+00
3.019103114522088127e-01 1.302922964208190093e+00
2.466023651981809617e-01 1.285570824579994165e+00
2.923602145552338660e-01 1.236542874315003315e+00
2.547307658019562493e-01 1.356482407641093513e+00
4.865404952264896776e-01 1.959808432043417814e-01
5.979626760025976706e-01 2.363061911489252598e-01
1.688590904709968088e+00 4.797069964768300721e-01
1.279972077621499782e+00 8.817947233064729606e-02
1.186089187295877645e+00 1.545882990696932080e-01
1.334514987175026590e+00 2.301615853348081830e-01
1.710358924726177010e+00 3.632287179853908587e-01
1.802684883863027165e+00 6.828892610108366901e-01
1.911850326194355576e+00 1.280386251724128677e+00
1.950869374987745486e+00 1.077038297275271450e+00
1.893002570812961416e+00 1.086020962683315050e+00
1.877298216404941211e+00 1.030383895699357621e+00
1.785874164546423115e+00 9.795991937450774234e-01
1.841343032404805014e+00 9.874270028783659336e-01
1.597379345183817856e+00 1.743791224393251182e+00
1.482250388968001875e+00 1.715749122182251618e+00
2.896410752738226013e-01 1.636771282014609197e+00
1.177032710625651513e+00 1.934394222071350811e+00
1.247259444749363233e+00 1.805281152670496603e+00
1.279972077621500448e+00 1.911820527669352510e+00
1.253341583207759680e+00 1.861705499301820055e+00
1.298380184222095446e+00 1.828310683582411222e+00
1.316693856143375640e+00 1.719404726713347209e+00
1.322033915094495082e+00 1.776295509147989504e+00
1.387778404032057988e+00 1.741428382355872273e+00
7.196137482758714343e-01 1.911850326194355576e+00
9.229617027247285499e-01 1.950869374987745930e+00
9.139790373166856163e-01 1.893002570812961860e+00
9.696161043006427116e-01 1.877298216404940767e+00
1.020400806254923243e+00 1.785874164546420451e+00
1.012572997121635732e+00 1.841343032404803903e+00
1.451793002936385135e-01 1.423519821130234453e+00
7.203540071797681632e-01 8.792237927013804577e-02
8.169266752968347145e-01 1.565864588788116463e-01
1.046865352696195739e+00 1.356194307974198932e-01
1.854820699706361431e+00 5.764801788697651030e-01
1.556854669600828744e+00 2.247593950951662090e-01
1.376619633108464358e+00 1.235040676113178526e-01
1.366655125350981992e+00 1.812099069032545029e-01
1.308916057996045712e+00 1.783271875391394257e-01
1.231597934491840407e+00 2.487498471637472064e-01
1.256727277022505751e+00 1.986840300696995909e-01
1.934362748845632529e+00 8.234357525497493224e-01
1.376619633108465024e+00 1.876495932388682064e+00
9.745537161935794446e-01 4.635438753323949806e-02
4.578694362470913520e-02 9.721301278629010945e-01
3.425801683963714539e-01 1.114370766574988902e+00
2.039961421522149543e-01 1.347224455049638836e+00
3.682463726112431557e-01 1.408916727700630922e+00
2.594367174392911979e-01 1.423896732245938823e+00
1.126871764392379571e+00 1.946151595744559870e+00
3.014381243042449365e-01 1.168866693711265725e+00
4.235973624859661335e-01 1.251538829651388296e+00
3.192959835911752253e-01 1.365797214775462454e+00
2.424443836832201604e-01 1.118924791155876619e+00
3.560109403128386973e-01 1.261262481452882556e+00
3.795391351242768385e-01 1.185051358215300388e+00
4.006656902462840675e-01 1.331896216781750297e+00
1.417165278273852247e-01 6.826833984728054583e-01
2.778083472189432079e-01 6.417510001931657770e-01
2.284808006992486706e-01 5.111271878679733982e-01
3.811091752161141488e-01 5.163807642195660241e-01
1.115342403810202776e-01 7.809818770190080084e-01
2.292102240167412097e-01 7.633310410952958147e-01
1.996048389516049126e-01 1.024339821435282127e+00
2.010754290622141505e-01 8.911487031715779050e-01
3.873900124671131873e-01 3.225433559950093287e-01
5.330496010383840577e-01 3.684378548961985134e-01
1.906937559742966304e+00 8.783258164731795326e-01
1.852490192174470751e+00 1.209682528325187967e+00
1.700877765159617194e+00 1.093620489153363629e+00
1.846774259064398294e+00 1.129442009016502269e+00
1.775964490465608003e+00 1.112056303133664104e+00
1.774860659968125587e+00 1.045374474010073218e+00
1.690924732538523267e+00 9.975104269567841575e-01
1.741692385393471598e+00 1.006011033490040507e+00
1.727867871590831550e+00 9.327257539210094262e-01
1.620380106229281969e+00 1.404771265638026456e+00
1.682264788912898545e+00 1.607250573603010713e+00
1.532496994918459476e+00 1.577373681961123042e+00
4.305770827151367830e-01 1.714140072116349556e+00
4.523018924134702412e-01 1.562974423188709716e+00
6.423852592803210859e-01 1.840446428127066936e+00
6.228771046023280356e-01 1.688978765990219344e+00
8.145055436993779985e-01 1.717149259480203138e+00
2.602798453394707945e-01 1.535772894163704771e+00
5.909585014917223544e-01 1.833461236058129273e-01
7.190307179312542818e-01 2.665358354000476049e-01
1.739720154660528317e+00 4.642271058362953950e-01
1.678346119537915015e+00 6.040707634862272357e-01
1.528671322917157349e+00 4.811378930618560035e-01
1.174281624693451320e+00 1.016869924666244374e-01
1.856091781694079179e+00 6.816521357894693711e-01
1.759542689225877421e+00 7.999791974267336236e-01
1.494939495226222936e+00 1.767641451067332170e+00
1.153508708531841620e+00 1.785913428528913549e+00
1.394639339859269356e+00 1.792117727858563603e+00
1.437781957451856218e+00 1.738770392035258627e+00
1.407716387714723183e+00 1.644836570329610836e+00
8.243461218774817967e-01 1.036829710241656266e-01
9.254944996906780963e-01 2.181033644770011826e-01
1.072395128214977733e+00 8.780523482088245513e-02
1.108851296828421873e+00 2.010754290622151774e-01
2.018137002143363112e-01 1.147022775740600409e+00
2.277726056156101353e-01 6.410699270737914013e-01
2.520783462867039471e-01 6.937278407074927156e-01
3.639655141899641455e-01 7.167581841007995003e-01
3.110440931452002622e-01 6.905605891846200439e-01
3.714785840720546961e-01 6.136887929750832749e-01
3.060048598452648760e-01 7.672920138071874785e-01
3.151660606396592401e-01 5.141109556837295536e-01
3.198762387490799997e-01 4.571014301917544764e-01
3.915998275112229088e-01 4.442792554702060248e-01
3.465252586759732800e-01 5.620885734266634071e-01
5.117700710052600632e-01 4.985777713179025961e-01
4.438808844865027581e-01 4.887000050586439159e-01
4.874071934301580367e-01 4.277844362619752094e-01
4.646496546348597989e-01 5.841953854007746472e-01
4.297942119735442823e-01 5.417697722610128608e-01
1.797826695628599314e-01 7.707449383649080943e-01
2.122336312892911248e-01 8.186208609597560582e-01
3.009595662934234639e-01 8.693933436324035036e-01
2.468346105572681026e-01 8.610663731446868141e-01
2.630698636155760495e-01 9.356063613962890546e-01
2.064544870398694609e-01 1.078231425506346541e+00
2.893820791334194009e-01 1.040310190983509964e+00
1.517539908977145191e-01 1.002987460245680751e+00
1.996481498353819273e-01 9.599494739587643988e-01
1.482591015024618819e-01 1.059614739954659823e+00
1.534984424852726126e-01 9.064614220768986153e-01
4.701173515879176756e-01 3.486091290183921387e-01
4.899075073052205354e-01 2.949377072808646028e-01
5.624470658200239059e-01 3.017709934587244902e-01
6.637107113103981604e-01 3.862392735801871702e-01
6.009386685438334874e-01 3.585592707015097247e-01
6.591750841116154058e-01 3.115085959571812224e-01
5.963302699823476161e-01 4.540265493500998395e-01
5.730414011094594473e-01 4.050574808805230131e-01
1.724889408733969676e+00 1.157951366715987307e+00
1.612079671186542829e+00 1.232555787053569274e+00
1.640428531786024768e+00 1.152829938922817599e+00
1.792688958617576267e+00 9.118374582091319791e-01
1.742134751191010356e+00 8.659777297831784404e-01
1.607838252673399637e+00 8.721716107284058772e-01
1.672367105675910182e+00 8.122805942053659134e-01
1.675799295598479732e+00 8.866977638159121433e-01
1.626772680338683719e+00 9.498282884031815643e-01
1.658722314596366987e+00 1.478013201089610762e+00
1.597204195204779076e+00 1.590281997960463212e+00
1.583332951663890320e+00 1.645778487734789630e+00
1.510479814954947431e+00 1.646828164436806352e+00
1.580003684962441035e+00 1.507867968570969053e+00
1.460128798999455579e+00 1.592649831804200389e+00
1.475750221445593979e+00 1.487599532895846899e+00
1.487450153501182148e+00 1.543025997282194473e+00
1.406992618567801223e+00 1.531061622547137624e+00
1.403286843916171422e+00 1.587974972488459979e+00
1.314196610327663439e+00 1.623518472004699120e+00
1.338569074042629925e+00 1.555183710742533254e+00
1.196196857340337871e+00 1.542918600307257249e+00
1.265773473328600573e+00 1.567733987341073831e+00
1.326825350884913268e+00 1.412767538946248846e+00
1.201355382313536335e+00 1.672560276312095029e+00
1.351385812298792066e+00 1.482434551664992828e+00
1.250059133265823297e+00 1.630283495968032126e+00
1.259382517462600326e+00 1.475706674697935705e+00
1.416251463594330406e+00 1.420403977651653271e+00
1.286906385446828116e+00 1.672204860407669802e+00
1.244447790968668643e+00 1.731999405490545207e+00
1.188155984798639153e+00 1.608162020255933689e+00
1.306853975077260532e+00 1.458971051086335624e+00
1.299791255967917891e+00 1.514632712918627444e+00
1.263966927125286466e+00 1.413015160582672181e+00
1.242473186234016591e+00 1.523116535519621895e+00
1.196674637491246251e+00 1.480061504604807565e+00
1.406673555315838930e+00 1.475318754934603627e+00
1.369814375254355898e+00 1.436774943935958504e+00
1.374904502775644799e+00 1.377167274054191815e+00
1.477949132733366255e+00 1.320014664850084563e+00
1.295028468619780826e+00 1.319558710427793047e+00
1.433926684022998499e+00 1.362113028289545058e+00
1.382262430903391515e+00 1.282785718709535949e+00
1.516435558435492270e+00 1.404326512363832880e+00
1.205634266286473189e+00 1.770183404023057294e+00
1.163003664363660983e+00 1.723146593541696747e+00
1.067879815304297209e+00 1.560221475598957852e+00
1.086967190127203331e+00 1.743745878435721375e+00
1.125161471825312010e+00 1.654625535576883300e+00
1.134308910711751439e+00 1.568408475753944709e+00
1.110792814655920724e+00 1.485622004181848643e+00
4.429156847726978263e-01 1.628285566931238160e+00
3.867496113955585235e-01 1.617439186150699149e+00
3.817572848264068619e-01 1.544749723193967528e+00
5.425213523023199036e-01 1.609270378303068627e+00
4.385627467569200300e-01 1.470511006160233336e+00
4.959896969496478403e-01 1.635913112095438882e+00
5.521063699610232467e-01 1.679965895505546314e+00
4.258680965261230078e-01 1.519649763958439204e+00
3.741561590677144888e-01 1.480081185566763935e+00
4.902746842153285489e-01 1.510079584551908605e+00
3.183137018699535026e-01 1.448890955373444811e+00
5.089773303569619101e-01 1.563583672981650352e+00
6.127880404737680031e-01 1.522521606907398350e+00
5.662710659032113014e-01 1.556675227853553611e+00
5.540700462545937732e-01 1.491302835927224679e+00
6.372359260641734524e-01 1.604574138034232655e+00
5.039186874502546987e-01 1.438673019225783278e+00
5.930932386674323542e-01 1.640488300483780915e+00
4.423397964127336879e-01 1.395265182056917075e+00
6.429045777866396749e-01 1.395047340874188802e+00
6.111184648333826130e-01 1.454832423311440692e+00
5.657189542537607307e-01 1.392352280299510081e+00
7.409093339658804345e-01 1.485496271590281303e+00
6.719900277939211408e-01 1.487196188602485591e+00
7.049642731799302675e-01 1.426123720803586625e+00
7.083103847041314349e-01 1.561784275387310128e+00
7.331386877327537022e-01 1.292354305402272807e+00
8.360486935414706000e-01 1.387330308080772845e+00
7.014975535176528609e-01 1.355541818096755335e+00
7.755971592120953773e-01 1.423928602196179227e+00
6.082654416745354453e-01 1.280467876769181279e+00
7.733621484858513861e-01 1.352012097377371047e+00
8.755471029898368451e-01 1.520796939251817914e+00
6.694124383376309773e-01 1.299959301023070557e+00
8.719908839091685682e-01 1.250245752872373162e+00
8.128605579342174092e-01 1.485478728548415672e+00
6.234808777395210999e-01 1.338393720318677094e+00
5.568291864412098224e-01 1.324939934798132324e+00
6.759724605694379385e-01 1.173721164925447313e+00
8.360308316880795676e-01 1.314071507033316433e+00
8.750653029641398684e-01 1.448361585388181716e+00
8.012591638543404837e-01 1.579360630145623556e+00
5.033794577607020315e-01 1.366280757547515767e+00
5.212824355356298067e-01 1.231845122354805033e+00
6.943310030094658192e-01 1.237964690264101053e+00
7.959348888170587610e-01 1.249438062764538948e+00
9.606353640668975347e-01 1.350670528840296924e+00
9.833253061685891527e-01 1.483860778818263171e+00
7.768954800409638706e-01 1.528692135874836655e+00
5.559501475195485209e-01 1.271941698969258683e+00
4.944159724952201240e-01 1.299468724487025995e+00
5.938534899914681420e-01 1.204135037034343325e+00
7.515506669602438627e-01 1.186868444751874918e+00
9.036651824703068048e-01 1.387090925432961530e+00
9.046941941899410145e-01 1.310714115858659046e+00
9.232440502002258187e-01 1.484260406198063986e+00
9.538806218621060928e-01 1.573656667382669072e+00
4.555013059061165381e-01 1.338696792178064809e+00
4.746089112906797802e-01 1.252450748834184280e+00
4.502826521394510118e-01 1.186014271523726071e+00
9.639561115207432307e-01 1.418632639542251273e+00
1.003542083789626727e+00 1.218176173030142362e+00
1.070571663329005219e+00 1.379361033319324692e+00
9.687890220146505582e-01 1.280116400809579336e+00
1.030311418261016021e+00 1.434418603799663128e+00
9.343154227124650379e-01 1.220054518256386666e+00
1.058622924529528886e+00 1.289800246430404806e+00
1.012009613063927338e+00 1.378786892560585065e+00
1.010184102072529067e+00 1.321128745712758956e+00
1.087236541673360479e+00 1.433795759735526198e+00
1.170331968116742116e+00 1.378588281428511753e+00
1.149188625084363702e+00 1.436903617890641360e+00
1.046886676068903288e+00 1.497217593128514324e+00
8.551662952827376873e-01 1.136089635612659965e+00
1.015775533587565338e+00 1.265759682201208269e+00
1.065321762005791761e+00 1.227657298642035544e+00
1.008303249135801050e+00 1.545073180533826251e+00
1.018347385699261087e+00 1.630298868822539715e+00
8.815341000245655589e-01 1.190521370210211760e+00
8.168857004140595013e-01 1.188235919411720243e+00
9.548656367729155825e-01 1.121395719533838875e+00
1.165581448191265856e+00 1.269897546784071407e+00
7.855255212783491814e-01 1.125090369980666694e+00
1.047887209517340601e+00 1.135241146281156688e+00
9.677466409198778319e-01 1.175548439751036067e+00
1.109117862671177068e+00 1.263810928813931644e+00
1.147497694144250513e+00 1.172714166162284632e+00
1.130989143756455206e+00 1.325858646595738488e+00
8.413008395983984089e-01 9.979159057242602548e-01
8.301016831676902852e-01 1.068822268760190042e+00
7.006160641408772927e-01 1.012033339777339558e+00
9.133330805237734884e-01 1.045630481697288561e+00
7.728110158894928583e-01 1.023436019643044759e+00
8.803992605096996327e-01 1.088384167895519505e+00
7.267497427526030673e-01 1.080819487060487027e+00
7.584370242385621852e-01 8.801945651240210555e-01
6.191562309538818365e-01 1.082339599092701610e+00
7.844209178427541396e-01 9.499290615250007841e-01
6.726764441394843530e-01 1.062005853042553793e+00
6.836472292780741977e-01 1.117588452455086756e+00
6.179734823446999537e-01 9.986246664166276155e-01
7.334562999458236199e-01 1.136686173469364292e+00
6.313056060731599972e-01 1.754420394589980114e+00
5.742850722615105985e-01 1.758995380762326866e+00
7.176666951198245048e-01 1.710034002875402637e+00
6.664687427444834222e-01 1.716628001621037791e+00
6.753250038180673709e-01 1.654477476941096370e+00
7.520219182977470052e-01 1.639937261097510479e+00
6.636970955332817113e-01 2.305937065934325070e-01
6.971245262105862928e-01 1.841730360580279557e-01
7.651919195770126025e-01 2.101636364706956916e-01
8.401668457924169608e-01 3.186439419812977514e-01
7.870880296348939931e-01 2.751795751071896001e-01
8.557891162606077184e-01 2.454237893080146171e-01
7.571074047946853014e-01 3.659341935244315724e-01
7.477680288934195341e-01 3.125196155711091883e-01
1.704862781612846767e+00 5.436512879569181944e-01
1.756079886965950632e+00 5.691283343691637686e-01
1.741443751940914275e+00 6.405038546897888763e-01
1.607980087266944080e+00 5.371602936537235307e-01
1.660547830334472952e+00 7.077504255607787176e-01
1.655248981652373885e+00 5.579054803355586456e-01
1.602901888201391012e+00 6.129560169150229942e-01
1.688583713318919433e+00 6.591957248695243798e-01
1.737078035402418008e+00 7.122469648887713722e-01
1.791168392947036558e+00 7.451388839457248059e-01
1.823829185923589780e+00 8.005131684545677695e-01
1.822720340589169874e+00 8.602204968543936126e-01
1.140179037925957983e+00 1.836588342138967045e+00
1.092906869081586629e+00 1.802011788215105437e+00
1.196625749626251567e+00 1.830875917316881374e+00
1.365828867976088157e+00 1.686544018428544067e+00
8.817933262458864663e-01 1.686680144693285255e-01
9.264211716866889157e-01 1.328821627126007265e-01
9.850542859099356008e-01 1.761353622011322395e-01
1.044709918945879945e+00 1.997385214337208392e-01
1.074233637164675681e+00 3.226040575924260523e-01
9.911209812891850213e-01 2.479918145234988880e-01
1.075594840554596976e+00 2.572970317762328096e-01
9.256633711190106473e-01 3.047252811330631861e-01
1.154302292836449917e+00 2.659076133686011922e-01
1.093538577923101496e+00 1.534984424852732787e-01
3.004338037302562991e-01 5.917988866433018247e-01
4.361083809766725383e-01 4.163118107648126065e-01
4.059378419525290216e-01 8.234054798080778781e-01
3.840177972131755268e-01 9.608700429924073028e-01
6.128153661936396324e-01 2.867302616810115112e-01
5.390317616425706060e-01 4.496071122185903990e-01
1.678357176651465332e+00 1.211219637544917571e+00
1.700076420598096050e+00 1.290690410602483684e+00
1.603916596284950868e+00 1.055091268638133295e+00
1.678359407333727571e+00 9.474194548810053185e-01
1.709244969007193138e+00 1.404907498253602505e+00
1.458709853957621316e+00 1.665865380613863467e+00
1.629036367707766164e+00 1.518446536860930118e+00
1.606395607473891207e+00 1.458749216471689536e+00
1.545576225443862084e+00 1.457720124225856173e+00
1.116970002756237257e+00 1.703859547868106672e+00
1.052887206704808953e+00 1.686883304449906529e+00
9.530989570954251366e-01 1.708961274671445540e+00
9.992082581315193668e-01 1.680815601982128094e+00
9.434125190233298985e-01 1.641250753887100622e+00
8.821192037522711527e-01 1.684567283169954965e+00
8.811285053076935991e-01 1.596997381008146144e+00
6.554875182729740235e-01 1.554467562785638579e+00
6.393725688216658209e-01 1.235067786688272218e+00
5.287135898259672784e-01 1.142422204477818282e+00
1.077042747706890680e+00 1.619242130131674395e+00
1.082678533858018932e+00 1.332168333992076237e+00
1.014614600181555915e+00 1.039376714412890701e+00
6.189481932387267404e-01 1.145822393752805590e+00
7.104941388318398721e-01 9.377668485455149527e-01
9.042816206136744528e-01 8.655593534273207101e-01
7.543865742538026220e-01 1.779956456750843685e+00
7.073105272370675545e-01 1.613644085203810530e+00
7.677381615081961819e-01 1.691107290342513503e+00
8.219333568726878703e-01 1.646463364949379837e+00
8.177481170079727857e-01 2.091460871922924125e-01
7.030797521855564058e-01 3.463468701730810784e-01
1.612565186121754257e+00 4.583156619527078979e-01
1.573550738813747962e+00 7.705205174576762461e-01
1.525549621727636307e+00 5.697055543361443375e-01
1.710271443815724490e+00 7.658532999025120525e-01
8.791715229024033018e-01 2.886893277033117378e-01
9.988241486616364906e-01 3.230079145900615067e-01
1.166313245699480694e+00 2.091393216623290141e-01
1.225637733403479812e+00 4.045862760196823338e-01
3.659626202098386072e-01 7.775552043937075108e-01
4.503268830992154248e-01 7.443526325895502005e-01
3.478752149097888990e-01 8.336765922990102551e-01
3.879586095614216412e-01 8.910184809534094086e-01
5.257591702870709760e-01 8.914645925558288830e-01
3.338215740122973396e-01 9.230011796536810031e-01
4.567336231820909864e-01 9.299355030528647648e-01
3.250973112179051938e-01 9.867681017815158606e-01
3.851995616160144298e-01 1.043532481511891152e+00
1.753184240765799151e+00 1.283588396257853370e+00
1.634377969072913883e+00 1.006592545868941979e+00
1.659593589819000625e+00 1.056245669854740221e+00
1.552092281108891081e+00 9.887255940086860928e-01
1.502469621312394699e+00 1.148677665218533317e+00
1.716924221237238868e+00 1.464225270140852464e+00
1.664776745530690327e+00 1.428186646732375831e+00
1.664859458014418037e+00 1.374233094674359723e+00
1.594696676615029896e+00 1.319701383277750883e+00
8.945669156551251389e-01 1.763810591192979782e+00
8.471555022116118439e-01 1.561181149150212111e+00
5.464671734327599673e-01 1.188917777039749435e+00
5.270304302969717192e-01 1.041775357416020675e+00
9.654450467871675823e-01 1.066330199948079871e+00
9.613865239977368304e-01 1.000601282163626982e+00
1.061872450158251269e+00 9.185830755720026941e-01
1.022392347944451441e+00 9.727784711222613456e-01
9.618448969552237937e-01 9.208125698878025789e-01
1.145381182151596455e+00 1.020895142923380350e+00
1.077572642056637608e+00 1.012976049341177909e+00
1.118396710246814418e+00 9.576836874463338090e-01
1.103639893058221189e+00 1.084041359523294945e+00
1.164625974785230333e+00 8.304478298025889105e-01
1.124814783423204290e+00 8.879993111506337966e-01
1.252314413893189871e+00 9.378807326116711529e-01
1.035077846662663115e+00 7.833784360299352878e-01
1.187954210059118054e+00 9.653555961318949219e-01
1.093675217069012495e+00 8.239131203146157212e-01
1.195765541139421906e+00 8.945340206386068749e-01
1.272477249886400097e+00 1.074232136619466482e+00
1.028956842716268971e+00 8.548488572489132409e-01
1.141600007831886199e+00 6.920107005812417000e-01
1.302287702308645212e+00 8.031662851899140643e-01
1.215928377132632132e+00 1.030885424646402315e+00
1.011513782923745497e+00 9.042241048126327119e-01
9.697017031620334127e-01 8.616842004187407200e-01
1.134946542388505009e+00 7.642508537992891426e-01
1.263097177505067004e+00 8.652544777373207818e-01
1.282079685892658860e+00 1.003145703165004843e+00
1.199776985766936477e+00 1.110515436758480190e+00
9.310285589984191867e-01 7.629530594795015386e-01
1.075148970178394503e+00 7.223168999655937839e-01
1.229586040040931971e+00 7.365408690705033123e-01
1.378912984590916935e+00 9.195631423000358851e-01
1.405423807085774524e+00 1.055998937561366979e+00
9.343248964513259924e-01 8.186016152394807177e-01
8.470444796793163977e-01 7.958497562669405445e-01
9.948102036191881492e-01 7.132741930455007706e-01
1.234712804850071954e+00 8.039252821458395815e-01
1.176785749846828599e+00 7.316778546587454635e-01
1.209332826699344610e+00 6.673689097476938059e-01
1.318289004684219723e+00 9.472118064504101431e-01
1.333312687396567719e+00 8.661622548136763688e-01
1.336421889716165712e+00 1.046678080350612827e+00
1.050637513842260118e+00 5.805665367271266586e-01
1.351240381774077903e+00 6.633700685002941189e-01
1.436631214785959454e+00 7.761409923471521699e-01
1.373731711593024318e+00 9.884904649378912778e-01
1.355504904253630682e+00 1.165476906745894992e+00
1.081494470941139152e+00 6.482251960015885661e-01
1.280811353237711891e+00 6.839913455951213139e-01
1.408486503506512388e+00 8.481395691079234300e-01
1.462948999785947057e+00 9.605385367625536297e-01
1.363918237251761312e+00 1.103193353290080392e+00
1.151854328562299745e+00 6.147873255505797996e-01
1.276705619548844428e+00 5.396520446417606420e-01
1.334239206899885399e+00 7.358857680642071353e-01
1.412780139710869021e+00 9.567673390706343817e-01
1.436186695330620156e+00 9.014434279183136667e-01
1.434137175614741411e+00 1.008239072087516952e+00
1.491236237254514707e+00 8.389867138828676074e-01
1.495472548504167332e+00 1.012734888256543675e+00
1.434127657759420638e+00 1.123091245652471093e+00
1.306044253655480603e+00 1.127085687993530039e+00
1.259797033133153166e+00 6.123610539550556897e-01
1.467208766215366555e+00 1.069251994563113817e+00
1.439400093641420852e+00 1.213073190856482464e+00
1.272232995011816081e+00 1.221702316106601183e+00
1.536211347431278407e+00 1.068433863249635074e+00
1.456681104509842228e+00 1.166915180671473706e+00
1.500173699304275798e+00 1.209512199388150799e+00
1.564273513797531434e+00 1.181470762871465352e+00
1.472727491069948158e+00 1.261478307204728200e+00
1.545200065041132387e+00 1.266524134446461280e+00
1.304650878285698257e+00 1.179937307079834463e+00
1.346173389045146829e+00 1.229311408518544368e+00
1.240200421958060684e+00 1.163374882724748094e+00
1.555330433443601779e+00 1.123689182327642921e+00
1.536335091349173787e+00 1.324399511649388073e+00
1.329500678961867965e+00 1.279478722857496198e+00
1.207042480177012322e+00 1.219544366158803017e+00
1.237627655459101028e+00 1.281346848364649071e+00
1.233212544422045420e+00 1.350198003440372663e+00
1.186095632997252514e+00 1.321250523134305910e+00
6.651047702591595945e-01 9.695198562303100065e-01
6.016248729290178954e-01 9.194365479975054045e-01
8.554227065021389187e-01 9.234729599189259730e-01
7.079104485672456093e-01 1.759760486162079474e+00
7.980353140931421008e-01 1.830381855598486762e+00
8.634211399846066781e-01 1.833360159428707226e+00
1.641976477400276968e+00 4.995816701457085895e-01
1.577723409760657836e+00 4.958451232116113383e-01
1.550461457291505418e+00 3.956309723602282613e-01
1.613563803812007036e+00 8.136321114721021264e-01
1.554703921573117986e+00 8.374249728124499859e-01
1.630504781408446791e+00 7.577843065543684586e-01
1.587174107015605129e+00 6.977295490752721818e-01
1.543275720008915552e+00 9.129005582807423469e-01
1.502886376163278248e+00 7.196248179901275632e-01
1.629461918263857889e+00 6.617293505691035360e-01
1.489098170345235284e+00 9.130889502715839878e-01
1.574484060262121954e+00 5.729840878647778357e-01
1.546561151005646062e+00 6.229234454748898697e-01
1.446522896654871104e+00 6.316637873097737943e-01
1.030136475557863029e+00 2.818889931778869040e-01
1.208168157328258108e+00 3.258859326265017842e-01
4.636836911347453349e-01 8.612462966676602827e-01
4.610124524450812666e-01 8.023415874760992939e-01
5.661456402141029631e-01 7.529898080795471849e-01
5.071028460171186358e-01 7.638695673888825644e-01
5.080425536146357945e-01 6.687950499302273144e-01
5.485180330014104433e-01 8.229754711916559273e-01
6.635234665467131254e-01 8.147296083517650001e-01
6.046621394506469516e-01 7.999039382369418361e-01
6.565882971387928535e-01 7.180044772218185933e-01
6.207933373580495351e-01 8.601187168971152763e-01
6.844400520908715535e-01 8.772288741649280075e-01
3.365977123647760916e-01 1.062531478013662545e+00
4.441764626293540630e-01 1.001349665238801645e+00
5.079545668897270660e-01 9.757530542861001521e-01
4.565903810819675890e-01 1.081025873648926883e+00
5.610979388614181218e-01 9.961652599959062160e-01
4.156497571519637280e-01 1.131249834720938097e+00
1.714104186304542976e+00 1.345797839923672079e+00
9.578599268015145496e-01 1.772697583469104776e+00
1.049453203297437742e+00 1.080991279958133156e+00
1.103151982060870839e+00 1.139465176208682262e+00
1.157959411104784841e+00 1.074578825281197414e+00
9.844960906191622119e-01 7.658155064402066836e-01
8.682751324195506770e-01 6.166018792890950451e-01
1.186746620960496434e+00 7.830376530641217636e-01
1.037206213797827958e+00 4.492775385580253245e-01
1.039019322154302261e+00 6.819050382184395076e-01
9.637934405948503924e-01 6.227247731811164089e-01
1.282013389912910917e+00 7.523108779049647588e-01
1.402128977446065017e+00 7.135516050665594578e-01
1.403468112752046970e+00 6.613000243983802040e-01
1.373776694714552660e+00 5.720724999217710049e-01
1.454083471250051440e+00 6.887401760282477747e-01
1.504959770852976053e+00 6.623478061790856186e-01
1.494437230203874645e+00 6.113999736115525163e-01
1.444453624769215239e+00 5.599916649007000702e-01
1.386099707929124847e+00 4.313839827467941257e-01
1.398400089221946807e+00 5.033453320047033275e-01
1.337159022929430785e+00 5.201786263651768660e-01
1.457396625300870774e+00 4.562291021511109546e-01
1.284282209769913585e+00 4.596001855993164242e-01
1.371253800350719754e+00 7.920848000230690245e-01
1.204648797746691091e+00 5.612156882875061203e-01
1.607784103992889513e+00 1.109335656699703243e+00
1.568534876474610762e+00 1.374857042578395250e+00
8.394545392231900216e-01 8.604346311517226953e-01
9.085483821715912844e-01 9.187257710540736033e-01
1.609497796014939253e+00 3.856786926279852090e-01
1.563769871982124027e+00 4.445523208552606409e-01
1.541470027215919192e+00 3.327164378944773571e-01
1.470719335710124698e+00 3.749275445798899709e-01
1.577980743454891144e+00 9.472903203384246407e-01
1.512478511279523152e+00 7.808105390761101994e-01
1.295869729006514870e+00 3.103985406913019052e-01
1.139776964530232917e+00 3.823562099222880262e-01
6.535266909084698206e-01 9.189233128859168875e-01
5.506760414824618532e-01 9.407525883947739365e-01
4.781378648343344584e-01 1.036863500020029694e+00
5.090910117494168441e-01 1.092412863476038165e+00
3.861522902194098883e-01 1.092345667297590639e+00
1.036837453059194170e+00 3.804213373699954492e-01
1.088468388754751714e+00 3.728136422631478930e-01
1.102903819503195715e+00 4.379065923577241670e-01
9.316549247291772140e-01 4.154137325142343018e-01
1.081731333607707901e+00 5.110540034560029365e-01
9.777121564814877930e-01 3.782770945971502541e-01
9.232601479416737700e-01 6.871959763617139227e-01
1.314890789323600373e+00 5.868526246014663661e-01
1.305622162547086296e+00 6.381483377352532571e-01
1.489881456077097432e+00 5.241095307086294230e-01
1.506562085313396526e+00 4.299737890996798151e-01
1.340331832724616978e+00 4.640428055103774652e-01
1.318222851145834484e+00 3.871853479849390878e-01
1.208173753074567980e+00 4.819670410290344820e-01
1.164417039838342882e+00 4.387247503262446391e-01
1.146010597432289835e+00 5.011099340768738752e-01
1.122108115682104001e+00 5.593275695608113107e-01
8.066579268371923961e-01 9.019350900175786556e-01
1.433339125516275736e+00 4.105444910337304742e-01
1.383402062092375040e+00 3.613074793124495532e-01
1.248088528194567726e+00 2.958851922251957700e-01
1.286070698548394287e+00 2.561445527077413353e-01
1.257682043080236012e+00 3.502110811103085752e-01
1.149459933371681730e+00 3.244338106913726705e-01
1.188378310349008649e+00 3.715678845918952145e-01
8.911228499520016388e-01 3.621013424742578479e-01
8.266649174277835854e-01 4.531710496506133334e-01
8.273316197123907756e-01 3.852968436602838831e-01
8.739102027255936100e-01 4.196947445862748705e-01
9.103235257671887792e-01 5.192710170363432631e-01
8.774944057013400744e-01 4.748300613550502924e-01
8.316593835203871521e-01 5.430351265480459766e-01
8.700498773653233542e-01 7.309291963374285883e-01
7.630121899269974861e-01 7.295354798494455562e-01
8.676636911196065061e-01 6.737888044501134654e-01
8.168656967191693097e-01 7.045301513755949374e-01
7.431926808230693293e-01 6.163562671046378671e-01
7.682377811745766394e-01 6.702954298435317426e-01
7.128889046332180790e-01 6.952635816146638392e-01
8.057267878840117525e-01 6.201044190464919392e-01
6.524901942405180177e-01 6.267952703723145280e-01
9.149243893292878793e-01 6.369779331109342024e-01
9.128605034045449429e-01 5.781152290985733799e-01
9.823485640033481348e-01 5.456425633390215024e-01
1.274766997212037456e+00 4.109790679541358016e-01
1.253966399682950872e+00 4.971153912852169232e-01
1.438244941089316775e+00 2.964161275425880593e-01
7.005671396787749305e-01 6.452588691337134419e-01
6.942068244957495526e-01 5.899953168810325721e-01
6.158354791527647087e-01 5.431982053498934926e-01
7.534170169574875287e-01 5.386616183170940264e-01
1.002134897568896399e+00 5.911798891074925288e-01
9.667369466706814407e-01 4.767385659212018956e-01
1.024134253830079944e+00 5.056329733364812729e-01
1.367749245756356036e+00 2.924576272748590777e-01
1.393052812423954290e+00 2.389453724627073339e-01
1.472698105562450843e+00 2.567841341785295217e-01
1.487193560277616289e+00 3.221415284606793938e-01
1.430579521523536402e+00 3.455585893794016483e-01
7.907868710332432993e-01 5.721797737809095619e-01
6.838790106757752785e-01 5.182683675904367071e-01
6.357140799151809185e-01 4.921309135732295226e-01
6.898601685712810738e-01 4.497997407852284413e-01
6.422064066053918552e-01 4.322456920125168911e-01
7.160165609656062857e-01 4.018794036302233419e-01
7.725106059855694207e-01 4.250015439842370069e-01
7.761965853097972934e-01 4.840545354013334745e-01
7.249221659172487842e-01 4.873581820075862381e-01
9.888601778102681372e-01 4.293621544511579402e-01
2.915236036802968389e-01 1.094908440224591217e+00
2.512701893549200149e-01 9.942296983289383716e-01
1.469662977611599697e+00 1.433049958076079378e+00
1.207073694831177102e+00 1.423205967996205912e+00
1.765754675963106646e+00 1.392275220116046874e+00
4.266487850542245441e-01 6.695188538261152011e-01
3.746504437469258542e-01 6.657285222084768916e-01
4.238235966671836663e-01 6.171365506400372514e-01
4.675997094963474376e-01 6.977244772280862817e-01
1.641475892048149809e+00 1.283725969617465656e+00
8.328808436388329683e-01 1.777636171265003062e+00
5.882052628107371506e-01 6.756204410147372830e-01
6.063917031208846398e-01 7.226352881328306221e-01
5.453130637447671791e-01 7.052204922715122892e-01
5.543182842372968988e-01 5.994561686377017917e-01
6.370404725628324716e-01 6.731861077239289504e-01
6.080490051806572982e-01 5.964468414480094127e-01
5.502810103456509117e-01 6.468730578553062438e-01
5.052321965719801522e-01 6.168081544100650904e-01
5.558697587820388142e-01 5.393896590750091313e-01
9.017497363725582860e-01 9.811004911296149489e-01
7.055381983880448793e-01 7.631059712677210616e-01
7.686107315877747093e-01 8.051045057292089968e-01
7.180201852517786865e-01 8.312409320754665654e-01
8.035850433306218621e-01 7.645215317366528263e-01
7.931782784502848793e-01 8.466673134802277234e-01
