2.000000000000000000e+00 1.000000000000000000e+00
1.998026728428271559e+00 1.062790519529313471e+00
1.992114701314477987e+00 1.125333233564304258e+00
1.982287250728688832e+00 1.187381314585724601e+00
1.968583161128631076e+00 1.248689887164854850e+00
1.951056516295153642e+00 1.309016994374947451e+00
1.929776485888251347e+00 1.368124552684677919e+00
1.904827052466019577e+00 1.425779291565072660e+00
1.876306680043863473e+00 1.481753674101715212e+00
1.844327925502015075e+00 1.535826794978996546e+00
1.809016994374947451e+00 1.587785252292473137e+00
1.770513242775789031e+00 1.637423989748689745e+00
1.728968627421411552e+00 1.684547105928688726e+00
1.684547105928688726e+00 1.728968627421411552e+00
1.637423989748689745e+00 1.770513242775789253e+00
1.587785252292472915e+00 1.809016994374947451e+00
1.535826794978996546e+00 1.844327925502015075e+00
1.481753674101715212e+00 1.876306680043863695e+00
1.425779291565072660e+00 1.904827052466019577e+00
1.368124552684677919e+00 1.929776485888251347e+00
1.309016994374947451e+00 1.951056516295153642e+00
1.248689887164854628e+00 1.968583161128631076e+00
1.187381314585724601e+00 1.982287250728688832e+00
1.125333233564304258e+00 1.992114701314477987e+00
1.062790519529313249e+00 1.998026728428271559e+00
9.999999999999998890e-01 2.000000000000000000e+00
9.372094804706866400e-01 1.998026728428271559e+00
8.746667664356956307e-01 1.992114701314477765e+00
8.126186854142751770e-01 1.982287250728688610e+00
7.513101128351451496e-01 1.968583161128631076e+00
6.909830056250524377e-01 1.951056516295153642e+00
6.318754473153220808e-01 1.929776485888251347e+00
5.742207084349273405e-01 1.904827052466019577e+00
5.182463258982845655e-01 1.876306680043863473e+00
4.641732050210031213e-01 1.844327925502014853e+00
4.122147477075269739e-01 1.809016994374947451e+00
3.625760102513102545e-01 1.770513242775789253e+00
3.154528940713112739e-01 1.728968627421411330e+00
2.710313725785883365e-01 1.684547105928688504e+00
2.294867572242106357e-01 1.637423989748689523e+00
1.909830056250526598e-01 1.587785252292473359e+00
1.556720744979849247e-01 1.535826794978996546e+00
1.236933199561364161e-01 1.481753674101715212e+00
9.517294753398042317e-02 1.425779291565072437e+00
7.022351411174854174e-02 1.368124552684677697e+00
4.894348370484635780e-02 1.309016994374947007e+00
3.141683887136892395e-02 1.248689887164854850e+00
1.771274927131127885e-02 1.187381314585724601e+00
7.885298685522124096e-03 1.125333233564304036e+00
1.973271571728441032e-03 1.062790519529313027e+00
0.000000000000000000e+00 9.999999999999996669e-01
1.973271571728441032e-03 9.372094804706866400e-01
7.885298685522124096e-03 8.746667664356957417e-01
1.771274927131138988e-02 8.126186854142751770e-01
3.141683887136892395e-02 7.513101128351449276e-01
4.894348370484646882e-02 6.909830056250523267e-01
7.022351411174876379e-02 6.318754473153216367e-01
9.517294753398053420e-02 5.742207084349273405e-01
1.236933199561365271e-01 5.182463258982845655e-01
1.556720744979850357e-01 4.641732050210032323e-01
1.909830056250527708e-01 4.122147477075266409e-01
2.294867572242109688e-01 3.625760102513100325e-01
2.710313725785884476e-01 3.154528940713112739e-01
3.154528940713113849e-01 2.710313725785884476e-01
3.625760102513104766e-01 2.294867572242106357e-01
4.122147477075267519e-01 1.909830056250526598e-01
4.641732050210036764e-01 1.556720744979847026e-01
5.182463258982847876e-01 1.236933199561364161e-01
5.742207084349277846e-01 9.517294753398020113e-02
6.318754473153221918e-01 7.022351411174854174e-02
6.909830056250524377e-01 4.894348370484646882e-02
7.513101128351455937e-01 3.141683887136881292e-02
8.126186854142753990e-01 1.771274927131127885e-02
8.746667664356962968e-01 7.885298685522124096e-03
9.372094804706867510e-01 1.973271571728441032e-03
9.999999999999997780e-01 0.000000000000000000e+00
1.062790519529313693e+00 1.973271571728441032e-03
1.125333233564304258e+00 7.885298685522124096e-03
1.187381314585725045e+00 1.771274927131138988e-02
1.248689887164854850e+00 3.141683887136892395e-02
1.309016994374947229e+00 4.894348370484635780e-02
1.368124552684678363e+00 7.022351411174876379e-02
1.425779291565072660e+00 9.517294753398042317e-02
1.481753674101715657e+00 1.236933199561366381e-01
1.535826794978996768e+00 1.556720744979850357e-01
1.587785252292473803e+00 1.909830056250529928e-01
1.637423989748689968e+00 2.294867572242109688e-01
1.684547105928688726e+00 2.710313725785884476e-01
1.728968627421411774e+00 3.154528940713117180e-01
1.770513242775789475e+00 3.625760102513103655e-01
1.809016994374947895e+00 4.122147477075274180e-01
1.844327925502015297e+00 4.641732050210036764e-01
1.876306680043863473e+00 5.182463258982846765e-01
1.904827052466019577e+00 5.742207084349277846e-01
1.929776485888251347e+00 6.318754473153220808e-01
1.951056516295153642e+00 6.909830056250532149e-01
1.968583161128631076e+00 7.513101128351454827e-01
1.982287250728688832e+00 8.126186854142752880e-01
1.992114701314477987e+00 8.746667664356961858e-01
1.998026728428271559e+00 9.372094804706867510e-01
2.426985322869658068e-01 5.521331604821115846e-01
1.711035736274773567e-01 5.776561757682144860e-01
2.305733866956705125e-01 4.770982135631032794e-01
4.181619689596599576e-01 3.400343004555785864e-01
1.659965699544421414e+00 1.581838031040340820e+00
4.607496825515829952e-01 1.695197320242130212e+00
1.310081226319371461e-01 1.137634792143508600e+00
1.413650397036103623e-01 8.080723472324143897e-01
3.308439693067014020e-01 4.100596021488348009e-01
4.298173440040265469e-01 2.649249491914139609e-01
6.505797660145191674e-01 1.925374813518643813e-01
1.727685314722289034e+00 5.054655707864392777e-01
1.875919280504390052e+00 1.082798749874197553e+00
1.807462518648134786e+00 1.349420233985481055e+00
1.737818673196962038e+00 1.501421052521606736e+00
1.657815928478426626e+00 1.657815928478426626e+00
1.447866839517887971e+00 1.757301467713034304e+00
3.847867248964884079e-01 1.697822482911147901e+00
2.723146852777125204e-01 1.494534429213560722e+00
9.172012501258028916e-01 1.875919280504389608e+00
6.505797660145190564e-01 1.807462518648134786e+00
5.458964051952659435e-01 1.767847244974819043e+00
7.383646214756402204e-02 1.087548230550521522e+00
1.721905461591473063e-01 1.298029741924805913e+00
9.211224110290046341e-02 1.202936957611643543e+00
1.066462672079856316e-01 7.404567480622114006e-01
1.118831336921687070e-01 9.160482387941801807e-01
3.388115112063866952e-01 3.388115112063867507e-01
5.458964051952662766e-01 2.321527550251809568e-01
6.848747523774323387e-01 1.247059523619024335e-01
9.172012501258031136e-01 1.240807194956093790e-01
1.800741600474944137e+00 5.264427375821441046e-01
1.844889403309427189e+00 7.545369373704080562e-01
1.399431724017534462e+00 2.160711022111530544e-01
1.622129495740258331e+00 3.778705042597416131e-01
1.735075050808586594e+00 4.298173440040264914e-01
1.918838766792281492e+00 1.145529763826882652e+00
1.891635745244687694e+00 9.719792178561788010e-01
1.828896426372522921e+00 1.422343824231785181e+00
1.856654883554764712e+00 1.248881250623211869e+00
1.738843711368045719e+00 1.573105928776047158e+00
1.546759630421665532e+00 1.704878268193285029e+00
1.422343824231785403e+00 1.828896426372522921e+00
3.308439693067008469e-01 1.589940397851165033e+00
1.992583995250566120e-01 1.473557262417855451e+00
8.544702361731172369e-01 1.918838766792280826e+00
1.191927652767584833e+00 1.858634960296390082e+00
1.028020782143821199e+00 1.891635745244688138e+00
7.511187493767879086e-01 1.856654883554764934e+00
4.744173453485611702e-01 1.773371391089630489e+00
5.754908587558050792e-01 1.833146100288826741e+00
1.462200232380346798e-01 1.369463587922011394e+00
7.645043338244454645e-02 8.537241187793104258e-01
6.539966838025156048e-02 9.706290013343134015e-01
5.754908587558054123e-01 1.668538997111730926e-01
8.053996648691066351e-01 1.294081461459993532e-01
9.707788155948401387e-01 7.016683544743970713e-02
1.818706812013389129e+00 6.457139257706077107e-01
1.907887758897099939e+00 7.970630423883567905e-01
1.473557262417855673e+00 1.992583995250568618e-01
1.191927652767585499e+00 1.413650397036095296e-01
1.369463587922011838e+00 1.462200232380350684e-01
1.546759630421666198e+00 2.951217318067145268e-01
1.934600331619748426e+00 1.029370998665686487e+00
1.930911891089122090e+00 9.120029179163414712e-01
1.879781597789112579e+00 1.316740865090061163e+00
1.525582654651438386e+00 1.773371391089630267e+00
2.611562886319540588e-01 1.573105928776047158e+00
1.145529763826882652e+00 1.918838766792281492e+00
1.302179945522347504e+00 1.839337087798527115e+00
9.706290013343135126e-01 1.934600331619748648e+00
6.832591349099388367e-01 1.879781597789112579e+00
1.799781128771647254e-01 1.021125127232257901e+00
8.537241187793106478e-01 7.645043338244446318e-02
1.879781597789112357e+00 6.832591349099390587e-01
1.259543251937788488e+00 1.066462672079852986e-01
1.083951761205819819e+00 1.118831336921683739e-01
1.618367415626970285e+00 2.985998469367248109e-01
1.810908089108730357e+00 8.762654559991300829e-01
1.260873905747866619e+00 1.897933873248034420e+00
1.302327276064166039e-01 9.787596896119880041e-01
1.146275881220689685e+00 7.645043338244449094e-02
1.865571014446707254e+00 9.120620794989363622e-01
2.260007245185177704e-01 9.166973288659203689e-01
1.778336653149711344e+00 9.856379727183620654e-01
1.849525790027657102e-01 5.179822989098447072e-01
2.555254839182481419e-01 7.012917233113256099e-01
3.192742030473127435e-01 5.012618995453282933e-01
6.474552247299902863e-02 1.148129756984130667e+00
1.794011880681993243e-01 1.210693964273689804e+00
3.740506254751627124e-01 2.892263392373807807e-01
5.067098437807082689e-01 3.153160398701073674e-01
1.783172969217994064e+00 4.677561997310327735e-01
1.652790877411880688e+00 4.599644205303944910e-01
1.737866529552478889e+00 1.409487836264018634e+00
1.828291471482383246e+00 1.161432777810317507e+00
1.710097137980410187e+00 1.626716738992952216e+00
1.575214070691568491e+00 1.617459372234678394e+00
4.198770331305448078e-01 1.612849611889072721e+00
2.676249004082786320e-01 1.373163751817998879e+00
8.385672221896826040e-01 1.828291471482381692e+00
4.191073115416972250e-01 1.748047793123952420e+00
1.117224111925958496e-01 1.316483768917557695e+00
1.562947470344539791e-01 1.429889298258080421e+00
7.581404287683704557e-02 7.928958403163445245e-01
5.337646731773140751e-02 1.030260596062728684e+00
6.243279088170209379e-01 1.305850839742064007e-01
7.424321619594638211e-01 1.963918166860604275e-01
1.741110672963487538e+00 5.964132386938173491e-01
1.429889298258080865e+00 1.562947470344540624e-01
1.278430304762494085e+00 2.266300771540601389e-01
1.455010828291641412e+00 2.893014354739706917e-01
1.942855508828052358e+00 1.089639867104568172e+00
1.935366465030200267e+00 8.513346294564945183e-01
1.869008633286878718e+00 1.376610955197537622e+00
1.481676387270737250e+00 1.815475121783455048e+00
2.163787426935444569e-01 1.531930015508976117e+00
1.102424445703758416e+00 1.837637473137565092e+00
1.356255650839274463e+00 1.764989682758592249e+00
9.103601328954316063e-01 1.942855508828052136e+00
1.379703089618120326e-01 1.072014976050662760e+00
2.432088919310403108e-01 1.116102857200234499e+00
9.113785939052386764e-01 5.704821826154991837e-02
1.909643517679108671e+00 7.362567781983644366e-01
1.320755185210245264e+00 1.090681991312564547e-01
1.003367014706278759e+00 1.561303615522274257e-01
1.669267009299206350e+00 3.359088201475913804e-01
1.846206459635078456e+00 8.205119149390731614e-01
1.735880545667104924e+00 7.897137126011358754e-01
1.206105795738275255e+00 1.924409117904525290e+00
1.207104159683655364e+00 7.581404287683696230e-02
1.866669334980346484e-01 7.420896833738368503e-01
2.295386362198875152e-01 6.283956620192415743e-01
2.499780823464686219e-01 1.434621573815804130e+00
3.520798715393078648e-01 1.430676342262567236e+00
2.075319385681631545e-01 1.351316326118320310e+00
2.707376238617014153e-01 1.271033192429096959e+00
1.640355259157303180e+00 5.648216452877558025e-01
1.249223507318089288e+00 1.697491747749485247e-01
1.177495203034901738e+00 2.425186091072700501e-01
1.337191780707477351e+00 2.014197019647127607e-01
1.346074405875659741e+00 3.032108566811666517e-01
1.481061347360698832e+00 4.773311027721620636e-01
1.915630902291598769e-01 1.150081212919937146e+00
2.571528345284880834e-01 1.193536116815762549e+00
1.481901747079743537e-01 6.661216522630005743e-01
2.756564915756042899e-01 8.137772190167438247e-01
3.344928263531736778e-01 6.072399205195401217e-01
2.140647994201554105e-01 1.257521423833318774e+00
1.670484721243231885e+00 5.152288526508017608e-01
1.601051492413089861e+00 5.069943687617576300e-01
1.511972408937449774e+00 6.098097505546516972e-01
1.570182236350162075e+00 5.702459734533459335e-01
1.615467956178824549e+00 6.994781282944952938e-01
1.507724037660099548e+00 5.409554754728229664e-01
1.575642448646464189e+00 6.408832192658054927e-01
1.378672501795724870e+00 5.834762741096817251e-01
1.485380878221864487e+00 7.450634315259512253e-01
1.434044228609748783e+00 5.344331636584326306e-01
1.516659910530733235e+00 6.809721886821695769e-01
1.444304241788131327e+00 6.017972036423137050e-01
1.312925308351134746e+00 4.534648824568019432e-01
1.436535148499439973e+00 6.815464889105549151e-01
1.398185418531966873e+00 4.569997878814807124e-01
4.115865310005997202e-01 1.206403987951647050e+00
2.087293238196231415e-01 8.057799706866474176e-01
2.882122868902487478e-01 6.485590666349124733e-01
3.900705272507318244e-01 7.160695185812612218e-01
3.230228380737559246e-01 7.066336243234361270e-01
3.467232580915081686e-01 7.811528959771495417e-01
1.353086281521278744e+00 5.147853277607375988e-01
1.216182930327254219e+00 5.606366162037224044e-01
1.278617758463594933e+00 5.197457934897328213e-01
1.358478361495238262e+00 3.847311176893570828e-01
1.459917522414365010e+00 3.844410535579514399e-01
3.326810929691999541e-01 1.220235655074800363e+00
4.923885980171546772e-01 8.311929975949191585e-01
3.683256116703686467e-01 9.219259410091635853e-01
1.339950555721449277e+00 8.063619829095420855e-01
1.292275684313618056e+00 6.087098588965451640e-01
1.169498381648939489e+00 4.212453061647621899e-01
1.405599072278637784e+00 3.358575163174482014e-01
3.542349222422758181e-01 1.111212120189690289e+00
3.910049173223509866e-01 1.320973715980921170e+00
4.261224536324516032e-01 7.870579740033319949e-01
3.374291952347387435e-01 8.546231371979016167e-01
4.123484282375976528e-01 8.609734246839142457e-01
2.973672160698176414e-01 9.137573684757893666e-01
3.218192990978337997e-01 1.013631508985154195e+00
1.404621798343419714e+00 7.566285746588686800e-01
1.255432395267841228e+00 3.587065697201888836e-01
1.236983822574064584e+00 4.561763307258314137e-01
3.645204486957189238e-01 1.169887908362320372e+00
3.039120167226471714e-01 1.150272825352186334e+00
4.353071778224861799e-01 1.127240013225817350e+00
3.349533989397548428e-01 1.286172829833783782e+00
5.433380836078920417e-01 6.828804662915028967e-01
4.982458066748099434e-01 9.693865591266628279e-01
1.467034334678923413e+00 9.047018175409331509e-01
1.315520043470255418e+00 7.076789745042517676e-01
1.312432042389630737e+00 3.500336203884972797e-01
1.274750981955563134e+00 2.940299221906398364e-01
4.107791187376367281e-01 1.038254086517170993e+00
5.742638006268467876e-01 1.212012701640803103e+00
4.984009896406825790e-01 7.503508722125658004e-01
4.399877678939458914e-01 9.273098228500001872e-01
4.002833644133226842e-01 9.761737770795836378e-01
1.416397116025751135e+00 8.388552976982739384e-01
1.377344501884769201e+00 7.007110993969654089e-01
4.936611707519530379e-01 1.187860977036280907e+00
4.619130936004430810e-01 6.773491021702457981e-01
6.494088200061957084e-01 8.022262681058257572e-01
1.499253197410294058e+00 8.275311538037076753e-01
1.316270141348138800e+00 9.682485833927817476e-01
5.453991780254259236e-01 1.079661374615085379e+00
5.035027953738948625e-01 1.301591325086729034e+00
3.974256776127996771e-01 6.437071868920419826e-01
4.145227754713826651e-01 5.416657637519178836e-01
5.670975422682992262e-01 7.961046126637827403e-01
1.568377222660626069e+00 7.735028182625807158e-01
1.627562522993292626e+00 9.264115237169434636e-01
1.349353960527192919e+00 8.904127517944232517e-01
5.494976136332133665e-01 1.148090762579292212e+00
6.778146559859944409e-01 1.106068053085495606e+00
6.232209727653270637e-01 1.156285799610705878e+00
6.122607366027265074e-01 1.089586155566789616e+00
7.461886950126741525e-01 1.235184495630751389e+00
5.922192466126333654e-01 9.944224039626419209e-01
6.584709746361459004e-01 1.236621982014815879e+00
6.622505177231238216e-01 1.029366060504027569e+00
4.640517132027802139e-01 1.247714218537629760e+00
5.091039817996240169e-01 5.847489595191790457e-01
6.136023564586864376e-01 7.272408670859326074e-01
1.561074258154642624e+00 7.168663377676508519e-01
1.652750424145077224e+00 7.751860403491400708e-01
1.578383819385299702e+00 8.575382073462713972e-01
1.400825926179664505e+00 9.582397022112847385e-01
1.184525378010379271e+00 8.663019907869510261e-01
5.687253270763781288e-01 8.966484434927465275e-01
7.013525142514757116e-01 1.176265572904528822e+00
8.233183503027845518e-01 1.096324346249968107e+00
7.798643669036802173e-01 1.163038746935606937e+00
7.050684202405860246e-01 1.403016105022002469e+00
5.941217645885020771e-01 1.300436635933817753e+00
6.509136546383970101e-01 5.903145155227178531e-01
1.708611887149222630e+00 7.006431262136805227e-01
1.681176948985124264e+00 8.576310940016730333e-01
1.544877488039546387e+00 9.334578451974744340e-01
1.377616162923069210e+00 1.124333139372693413e+00
1.270103610263008331e+00 8.567276969273240894e-01
6.047863974672934573e-01 8.457795296971485355e-01
7.100718395490384083e-01 9.090140106269115616e-01
6.389289379992659779e-01 9.081995798764818106e-01
6.738627852057224032e-01 9.643033266911679169e-01
7.802490851076308020e-01 9.944745313584241186e-01
7.502339560358456394e-01 1.096230242291934553e+00
7.036048102669051341e-01 1.313704281386751882e+00
6.112964516555857708e-01 6.530658412573379090e-01
5.799360708392919950e-01 5.893853316831859646e-01
7.335820705054684199e-01 6.863876608772229160e-01
5.533528760306412053e-01 4.521234493048460479e-01
6.673381457013510820e-01 6.884470087867879950e-01
5.486322465929207581e-01 5.242427772681381715e-01
7.024767159591088772e-01 7.522864220473556296e-01
4.751157759908693490e-01 4.832165364125672324e-01
6.406176487414450005e-01 4.940495964890822544e-01
8.435745032835688662e-01 7.785965038613597011e-01
7.253207749316881170e-01 8.297272103665173093e-01
7.764781570704579750e-01 7.469258684705684104e-01
8.703627209517300622e-01 6.349345317677681511e-01
8.381165318089085492e-01 7.032502268614423402e-01
1.747723995581418555e+00 8.552419515995562938e-01
1.717135122630908839e+00 9.312146321425675000e-01
1.629806014986313167e+00 8.292202936203231234e-01
1.599644100143116310e+00 1.087459676255793317e+00
1.367425389302517669e+00 1.038240713466078491e+00
9.004729077767003043e-01 1.263267849086795902e+00
1.235680625964758361e+00 9.362941208602475474e-01
1.215816529848538829e+00 7.587422036279286575e-01
4.720698386407701785e-01 5.406911962796662197e-01
4.459019787359240761e-01 6.002814071170617938e-01
3.955252796020584105e-01 4.613391720233251947e-01
4.867369550590830429e-01 3.984805117845526268e-01
6.721481570516908421e-01 8.579798426397542421e-01
8.212257747878808356e-01 8.892820479068179740e-01
9.843892878682237724e-01 7.305252695963843079e-01
1.776869053770035345e+00 9.256647276753430242e-01
1.592469725129207037e+00 1.003271997559123108e+00
1.482383368190413719e+00 1.068282474594036691e+00
8.270160468843370527e-01 1.228980185706832984e+00
1.220637696357107504e+00 1.091833624449211282e+00
1.275041422246149692e+00 7.899608605882232348e-01
3.929920481195897652e-01 3.981018950651161736e-01
7.618709354571626680e-01 8.778665524317939006e-01
7.905081244305082189e-01 8.181783852246948818e-01
9.076737351372158313e-01 7.360824293545118469e-01
1.688323711716239739e+00 1.025238006284657111e+00
1.419018917541923885e+00 1.075782934307528693e+00
1.443571764052945294e+00 1.011803173299208103e+00
1.460272483634192042e+00 1.152892114793901523e+00
1.517423660333913960e+00 1.002628404735490308e+00
9.037289858511795559e-01 1.160462406463941498e+00
8.168981456295794086e-01 1.346486192355763833e+00
1.250613032484092058e+00 1.016235488211804538e+00
1.302970212800722338e+00 1.089519637234899196e+00
1.076759529109688085e+00 9.987549900678173165e-01
9.411755992226342737e-01 6.662688872296314013e-01
9.555034583868344811e-01 8.640623074432729478e-01
1.647770115789296108e+00 9.820794009236648581e-01
1.634008474129043487e+00 1.042131649449999031e+00
1.687509581371361866e+00 1.118382534570595999e+00
1.533026322547256015e+00 1.126710825323302911e+00
1.364536021080797967e+00 1.296082914776885309e+00
1.544093417675687974e+00 1.059040072403283350e+00
8.419366960028668023e-01 1.168482403389863533e+00
7.906673234419798746e-01 1.285038970747022891e+00
1.148023633444921865e+00 9.466700924700732767e-01
9.654648969264432168e-01 5.156946120402745581e-01
1.080816476605457099e+00 6.190168555251653881e-01
9.094536349859461133e-01 8.083448336621932295e-01
8.877128354420804612e-01 8.732018936517901286e-01
9.390201640145832140e-01 9.977814360877166333e-01
9.297144831549986055e-01 9.287588470991212652e-01
1.020512986298065305e+00 9.274642431639538165e-01
8.601104739007594535e-01 9.732815096820880418e-01
1.613775075355009081e+00 1.187601067137972644e+00
1.393614001733666230e+00 1.211924472149757293e+00
1.168223398925152701e+00 1.027309075096412005e+00
9.335610989626851319e-01 5.877943801155034453e-01
1.017426904796447262e+00 6.616475969182435968e-01
1.093830360205461538e+00 8.735832152616540558e-01
8.806524953768899433e-01 1.046446147616089117e+00
1.525671958279629647e+00 1.220450756161578498e+00
1.265220501316536295e+00 1.212238620776909581e+00
1.078584096218315302e+00 1.153675228408401088e+00
8.121542197680341468e-01 4.909639024021892340e-01
1.012255810392959532e+00 5.795078865224041476e-01
1.107980250377542220e+00 7.278516728293089599e-01
1.085725991015311420e+00 9.362278884379562349e-01
9.653151220903881669e-01 1.088654158972387931e+00
8.219574280471292349e-01 1.036868575182974483e+00
1.263316323382414064e+00 1.144487269298813725e+00
1.172534814196054320e+00 1.180941153289218226e+00
1.140999709717660071e+00 1.102974052450313325e+00
8.855642644298921118e-01 5.234474914056749251e-01
1.074906042665046080e+00 4.845084771098792098e-01
1.074691336270014563e+00 6.783528852805259524e-01
1.159676789648368178e+00 6.571416066964271829e-01
1.067559265246434741e+00 1.076334209373767115e+00
8.204746957463804335e-01 5.713522668911978908e-01
9.107444078272607380e-01 3.673506833605295618e-01
1.025967541539706263e+00 5.203925026503338769e-01
1.002050845338611662e+00 4.364619148948509220e-01
1.086322205538764019e+00 5.513908838127796752e-01
1.154864972916727961e+00 5.052757976666024664e-01
1.169069894171107071e+00 7.182618127115264484e-01
1.148851911209513021e+00 7.888411133781150220e-01
1.239633197689577804e+00 6.761355888121124424e-01
1.069709163744429370e+00 7.976884362595473288e-01
1.021244764423692386e+00 1.122392557831261017e+00
1.001166584481173905e+00 1.227385884344190048e+00
7.311249791933369657e-01 5.399754926696599400e-01
9.186381810759930433e-01 4.487033583644552959e-01
1.082573030886313958e+00 3.936225594183070942e-01
1.210266705070069282e+00 6.219679056564321185e-01
1.148255998273517431e+00 5.867469314104779565e-01
1.025725127927978431e+00 8.534481660323341989e-01
9.817088645393698965e-01 7.998381711621058709e-01
1.046408148041311881e+00 7.395144919026185315e-01
8.436043596210041073e-01 4.149246937967047133e-01
7.249081433471723512e-01 4.103549943331908922e-01
8.107791245820925585e-01 2.974356681142298897e-01
7.834126260047759027e-01 4.345526970098935737e-01
7.790056729101080268e-01 3.623836499989372961e-01
6.792277776570463388e-01 3.043523109612253918e-01
7.452521950680851548e-01 3.056249843556710366e-01
8.482377633317562671e-01 3.503001373556288156e-01
9.032871752959187317e-01 2.715898626014700556e-01
2.854247536485424175e-01 4.506328077328015103e-01
4.901623541368450021e-01 2.567048570732433088e-01
1.777794573721687366e+00 1.455475241617907978e+00
1.609810160832132686e+00 1.455387796381987897e+00
1.781930804703492077e+00 1.079611759312418817e+00
1.880476187853990844e+00 1.192830955139201565e+00
1.598977007500053338e+00 1.673534437964440347e+00
1.439241359049402647e+00 1.621541234230027717e+00
3.654047058816172200e-01 1.640086640479705204e+00
8.071690448607987678e-01 1.880476187853989511e+00
7.553421718492677739e-01 1.720686495275391525e+00
7.448064156499888400e-01 1.355358138451391303e-01
1.801333639462123992e+00 5.873421600112513907e-01
1.503414590643061821e+00 2.523397532532115628e-01
1.088688968760795683e+00 1.896970658080820327e+00
9.900209529312431478e-01 1.761017014243017043e+00
1.361527398466105598e+00 1.825663390732641389e+00
1.225676552668415242e+00 1.726853885539215483e+00
1.024430603237565185e+00 9.898654823402255887e-02
3.968962107682302287e-01 1.517699850612566959e+00
1.085253806952387823e+00 2.097600969894538592e-01
1.397827882049903492e+00 2.749947637397666678e-01
3.016938661468893113e-01 5.578681862281634762e-01
1.498185368187709532e+00 3.347711053565209371e-01
1.542118792830757590e+00 4.081958528714100254e-01
1.566790271113063682e+00 3.525761343098556266e-01
3.361697743462460086e-01 1.363274000008515285e+00
2.970643743453597607e-01 1.076029360259412648e+00
2.511267747243971504e-01 1.021695263423334277e+00
1.348812724206481128e+00 6.417629659969023015e-01
4.751933289476523159e-01 1.068372386820691133e+00
5.354280150621613110e-01 1.018706262601601686e+00
5.531742393987483242e-01 9.520948197785985556e-01
5.010941635680753459e-01 8.982814016470281882e-01
5.971957016679002583e-01 1.576156125640128858e+00
5.483441484814730593e-01 1.264275440224302605e+00
1.662808645831560295e+00 6.385995811722197102e-01
1.756242457912031929e+00 6.583128056745755075e-01
1.776150388977987937e+00 7.286758394412057305e-01
6.425250144969959498e-01 1.359373139437859423e+00
6.142120646518349769e-01 1.466583574632411402e+00
5.498964973136246659e-01 1.386102384451162406e+00
6.480001943718485258e-01 1.418162834242494785e+00
6.972137590419333897e-01 1.488503295469900012e+00
6.426246941593991568e-01 1.527103566435209281e+00
7.365437470924408592e-01 1.602024797304149040e+00
6.659145405634708803e-01 1.594235797096904772e+00
6.933375939158553658e-01 1.669689405397369431e+00
6.128675126250229255e-01 1.656225501937521605e+00
8.015412750607199266e-01 1.454984584542884596e+00
6.852593615906497071e-01 1.742703822985557371e+00
7.380521742484099645e-01 1.788199224565510725e+00
6.139357690300961679e-01 1.746173753305884757e+00
5.255455120706112870e-01 1.631748460336762241e+00
7.422425192108983438e-01 1.449536146779734080e+00
7.687952135429189093e-01 1.390205021044747191e+00
7.654929950453246423e-01 1.521903619244358907e+00
9.110059895768882754e-01 1.557120435125563418e+00
8.262380203281406432e-01 1.589142444167268575e+00
1.007911246067157318e+00 9.952405902696969120e-01
1.632686723666195050e+00 1.133864731940062986e+00
1.675019050490716754e+00 1.178958915407338992e+00
1.750834234897170161e+00 1.163015676093794193e+00
1.660861407181188909e+00 1.299957170962569686e+00
1.728823477012725096e+00 1.246581809616601477e+00
1.734481574884699784e+00 1.323741420458271811e+00
1.459453737079294378e+00 1.219118672309777329e+00
1.490025066834991252e+00 1.345938434281085616e+00
1.491381358785223821e+00 1.278516822457406166e+00
1.576102020521892744e+00 1.289390051632565815e+00
1.431245154101314920e+00 1.311031535837164475e+00
1.394133247172471446e+00 1.440467827861011685e+00
1.383583282227241584e+00 1.367404447925834932e+00
1.444709613013992477e+00 1.395871499118420900e+00
1.249663689387602528e+00 1.424035097063027999e+00
1.527360593686415413e+00 1.425350283230517823e+00
1.298143311165897096e+00 1.352018040282199962e+00
1.464930917932024901e+00 1.469781636293137961e+00
1.624138203883832787e+00 1.249302625051563753e+00
1.609204134534633512e+00 1.369089533747810616e+00
1.323157476515882891e+00 1.421182799236398342e+00
1.325235193005673384e+00 1.553786628630864142e+00
1.288949848268863718e+00 1.488036977066044875e+00
1.167421478318114492e+00 1.316346214302495543e+00
1.293646523233004109e+00 1.279310256083866060e+00
1.329447826372156527e+00 1.224577579547152073e+00
1.236838949437706781e+00 1.319316606666321778e+00
1.542324814971225644e+00 1.512451305163388993e+00
1.679957885758941671e+00 1.368833836864195908e+00
1.547713896089303987e+00 1.367298582019856212e+00
1.401591135934639798e+00 1.522606715659111210e+00
1.185005795142079377e+00 1.588287961002143200e+00
1.612808353707417375e+00 1.527370612389452598e+00
1.670028054645864568e+00 1.488933477895664437e+00
1.351271742583897595e+00 1.485767501741374064e+00
1.383053176237996951e+00 1.586292753074656003e+00
1.366453683687434584e+00 1.675161234071161687e+00
1.250475331848555305e+00 1.552157203612323011e+00
1.286072384708678129e+00 1.634772360556736581e+00
1.172687874501651351e+00 1.488586356308070791e+00
1.559246467349626686e+00 1.175926384887334475e+00
9.065310215404610572e-01 1.100551854529915996e+00
9.393157493943470326e-01 1.213043803725168956e+00
7.557392739636658030e-01 6.127891167635952652e-01
8.084849594007360585e-01 6.474953854822601551e-01
6.746682104121395351e-01 5.390907853952948692e-01
7.038032849496316246e-01 4.816735537633408115e-01
1.115011616863289090e+00 4.421253719560185313e-01
1.002746058423382935e+00 3.406729785568183289e-01
1.150373053686422509e+00 3.308473253687158055e-01
6.317180297761811891e-01 4.007939976954779104e-01
5.596682619622315169e-01 3.720151966255452747e-01
6.168134310134211207e-01 3.335284666675380483e-01
6.203972721344733765e-01 2.598478802335737470e-01
5.667662600522672678e-01 2.941667077990861578e-01
8.270156307904519277e-01 2.128159770822467267e-01
8.628387523346661148e-01 1.590271487883384849e-01
9.272299160562359477e-01 1.994374991721145074e-01
9.858064108614490451e-01 2.589239916104454919e-01
1.061049526512420682e+00 2.859620318983461251e-01
6.945596644445009016e-01 2.408467773766637676e-01
1.830637818723181764e+00 1.030693270414174689e+00
1.723685225239161900e+00 1.072122905918351687e+00
1.507960456314688669e+00 1.643908977806457727e+00
1.482418981596420382e+00 1.702992874675129942e+00
1.494004510556524723e+00 1.570040322204327765e+00
1.032468440655679220e+00 1.819504970845555958e+00
9.770763103198271127e-01 1.852291945345008406e+00
1.092698997328213073e+00 1.731145738346786978e+00
9.209655651524957243e-01 1.797778927446405328e+00
8.502332453717318383e-01 1.733281689580955964e+00
1.284120285025547981e+00 1.769362242715475819e+00
1.241570970832634568e+00 1.817661618091193976e+00
1.288351285024720960e+00 1.702114511627446980e+00
1.171361032061732255e+00 1.783155831019560544e+00
3.830820662564566326e-01 1.571386354564793697e+00
3.312767124038032973e-01 1.524018776764287653e+00
1.058572944008210781e+00 1.611678872459294809e-01
1.128762759997449239e+00 1.602341603679960647e-01
1.545799654668372547e+00 4.729759938334606173e-01
5.046305590554653886e-01 1.488215208195135197e+00
4.592444509369698058e-01 1.380877466543596999e+00
3.958935387760476043e-01 1.384755339110077532e+00
4.317403023638302639e-01 1.450961018453636120e+00
5.543428134163018717e-01 1.697013320982808438e+00
4.696407699802231939e-01 1.639467031420803522e+00
4.790867953356851006e-01 1.561979137393663120e+00
5.413615093177512883e-01 1.542239543881839037e+00
7.582596967894502660e-01 1.333156404817166685e+00
8.470262024353633068e-01 1.515963498643973173e+00
9.173664591964252324e-01 1.416042487394050697e+00
9.112401474929856526e-01 1.486448638002307643e+00
8.632496093132669968e-01 1.446803183153970052e+00
1.042169614694601787e+00 1.462371705413424428e+00
9.733905520024526137e-01 1.456386972927948831e+00
1.011216062680340588e+00 1.344789858602694066e+00
1.000515271422480312e+00 1.542869613150500641e+00
1.012305774539695724e+00 1.407368192654428141e+00
1.097334582875405751e+00 1.374588883102213721e+00
7.898386359413382962e-01 1.654401678957527988e+00
8.694366426816031446e-01 1.656017955788339435e+00
9.272205228615686412e-01 1.711398068980841014e+00
9.487005711252121110e-01 1.631149634084875011e+00
1.013001397894512934e+00 1.053980269229728872e+00
1.793217640866535900e+00 1.221132765856215219e+00
1.788563704304198643e+00 1.286584133717713740e+00
1.200906106356803615e+00 1.249811624246722985e+00
1.111340364952111637e+00 1.246429330294549498e+00
1.325120029723457771e+00 1.160803160034621140e+00
1.398972958202645778e+00 1.724346183027136936e+00
6.965592079106458501e-01 6.331155282042544297e-01
9.666901706360478963e-01 3.883082846001735255e-01
9.458522575217219730e-01 3.164459405341326081e-01
1.209037633116534449e+00 3.005324155703759104e-01
1.196671830152076454e+00 3.682741266852467832e-01
6.823903886137785424e-01 3.658334255280371039e-01
1.024827619878025731e+00 2.126933390087953624e-01
1.122950237566441523e+00 2.740984844780209873e-01
1.091963426693258521e+00 3.357634760390892370e-01
8.013695958518096685e-01 1.775502951735028478e+00
5.537998447781968814e-01 1.448922169663396042e+00
4.493327811683583417e-01 1.323348866330991358e+00
1.094385807131971200e+00 1.540417584026924969e+00
1.174517083225364189e+00 1.396175997276229985e+00
1.113371362418700050e+00 1.445891753892737386e+00
1.103226436928225640e+00 1.310387688188737743e+00
1.060521560828925791e+00 1.212215060414178591e+00
1.045496098388355000e+00 1.277125680611715941e+00
1.151608102819919655e+00 1.541802445905752439e+00
1.121605665073229119e+00 1.598597915686293058e+00
1.165629489564319110e+00 1.669226777985235666e+00
1.048900590236704566e+00 1.597155606608360312e+00
1.084024152614755376e+00 1.659827922405263667e+00
1.222428423583413526e+00 1.640035430220896817e+00
1.151949576462782066e+00 1.727023684746738619e+00
1.691847552295446255e-01 8.736811243978347408e-01
7.278764404251638620e-01 1.034330718428504658e+00
8.948630823383821875e-01 1.341209522529292597e+00
9.541687075826505993e-01 1.306305305376333381e+00
8.588662389708375811e-01 1.387961677482728584e+00
1.008263317076258714e+00 1.683705555197964499e+00
