2.000000000000000000e+00 1.000000000000000000e+00
1.951056516295153642e+00 1.309016994374947451e+00
1.809016994374947451e+00 1.587785252292473137e+00
1.587785252292473137e+00 1.809016994374947451e+00
1.309016994374947451e+00 1.951056516295153642e+00
1.000000000000000000e+00 2.000000000000000000e+00
6.909830056250526598e-01 1.951056516295153642e+00
4.122147477075269739e-01 1.809016994374947451e+00
1.909830056250526598e-01 1.587785252292473359e+00
4.894348370484646882e-02 1.309016994374947451e+00
0.000000000000000000e+00 1.000000000000000222e+00
4.894348370484635780e-02 6.909830056250527708e-01
1.909830056250524377e-01 4.122147477075269739e-01
4.122147477075267519e-01 1.909830056250526598e-01
6.909830056250524377e-01 4.894348370484646882e-02
9.999999999999997780e-01 0.000000000000000000e+00
1.309016994374947229e+00 4.894348370484635780e-02
1.587785252292472915e+00 1.909830056250524377e-01
1.809016994374947451e+00 4.122147477075266409e-01
1.951056516295153642e+00 6.909830056250523267e-01
7.230721018590107185e-01 7.230721018590109406e-01
4.480471641117053649e-01 1.087420740997708135e+00
3.869313275862520385e-01 6.876259091174323768e-01
6.876259091174322657e-01 3.869313275862521495e-01
1.221745232420238025e+00 5.648004773063589612e-01
1.177798655328808231e+00 1.348949508813008347e+00
5.460261088369270377e-01 1.453973891163072851e+00
1.572488520718737792e+00 7.083025291503843857e-01
1.107636776160904946e+00 1.679591858520651515e+00
1.562232203681632070e+00 1.286471616301126719e+00
8.710834718042247404e-01 1.456630248259572102e+00
9.068027447101982830e-01 1.067711769461413551e+00
1.408721909124796223e+00 1.555875915230736428e+00
1.317235557524265577e+00 9.929500328482991911e-01
1.017879075121994381e+00 7.872018355107958110e-01
1.005310747862203424e+00 3.238446813759611187e-01
1.687063466529534761e+00 9.995105224493958662e-01
