2.000000000000000000e+00 1.000000000000000000e+00
1.974927912181823508e+00 1.222520933956314337e+00
1.900968867902419035e+00 1.433883739117558065e+00
1.781831482468029915e+00 1.623489801858733372e+00
1.623489801858733594e+00 1.781831482468029915e+00
1.433883739117558065e+00 1.900968867902419035e+00
1.222520933956314337e+00 1.974927912181823508e+00
1.000000000000000000e+00 2.000000000000000000e+00
7.774790660436856626e-01 1.974927912181823508e+00
5.661162608824419351e-01 1.900968867902419035e+00
3.765101981412665166e-01 1.781831482468029915e+00
2.181685175319701964e-01 1.623489801858733594e+00
9.903113209758096502e-02 1.433883739117558287e+00
2.507208781817638066e-02 1.222520933956314559e+00
0.000000000000000000e+00 1.000000000000000222e+00
2.507208781817638066e-02 7.774790660436856626e-01
9.903113209758085400e-02 5.661162608824419351e-01
2.181685175319700853e-01 3.765101981412666277e-01
3.765101981412662946e-01 2.181685175319703074e-01
5.661162608824417131e-01 9.903113209758096502e-02
7.774790660436854406e-01 2.507208781817638066e-02
9.999999999999997780e-01 0.000000000000000000e+00
1.222520933956314337e+00 2.507208781817638066e-02
1.433883739117558065e+00 9.903113209758074298e-02
1.623489801858733372e+00 2.181685175319700853e-01
1.781831482468029693e+00 3.765101981412662946e-01
1.900968867902419035e+00 5.661162608824417131e-01
1.974927912181823508e+00 7.774790660436853296e-01
4.647233167325784398e-01 8.126985876757890637e-01
6.982843576483447334e-01 1.480177694055798465e+00
3.018122817296402527e-01 1.078666862819672057e+00
3.484846393246215923e-01 5.906257662912191009e-01
8.126985876757889526e-01 4.647233167325784953e-01
7.458654395736344922e-01 1.726274847160162995e+00
4.559138264848939248e-01 1.544086173515106131e+00
1.535276683267421394e+00 1.187301412324210936e+00
5.906257662912188788e-01 3.484846393246218144e-01
9.138484808893367894e-01 2.353841198513170474e-01
1.301715642351654711e+00 5.198223059442013128e-01
1.076008677792168022e+00 1.674595673633374027e+00
1.651515360675378297e+00 1.409374233708780899e+00
1.581761499805474314e+00 7.964328468703755215e-01
1.764615880148682869e+00 1.086151519110662989e+00
1.254134560426365619e+00 2.737251528398369493e-01
1.544086173515105909e+00 4.559138264848939803e-01
1.375371725210314588e+00 1.597400678401541541e+00
5.124967740713727293e-01 1.267130045782972614e+00
6.002846745122536465e-01 6.002846745122536465e-01
1.063291596403021622e+00 4.382715454204696437e-01
3.139589067339459416e-01 1.370826273112045746e+00
1.007918709100720012e+00 1.022630370431249602e+00
7.925595669874722082e-01 1.210433685505595713e+00
7.614623755453024945e-01 8.526115739693518325e-01
1.094601044009698487e+00 7.360413121707163331e-01
1.097561162916909971e+00 1.342806532121000984e+00
6.134479352090536075e-01 1.045737377460302042e+00
2.398701417585050455e-01 8.578487127768035236e-01
9.283515889542345301e-01 1.811684899728798204e+00
1.782460230049951466e+00 8.723260387145246320e-01
1.691355454456629825e+00 6.119635486282054559e-01
1.260386970444020927e+00 1.770552630682293405e+00
1.338644266185344378e+00 7.625022430984355060e-01
8.850927327113851106e-01 6.716138967969642604e-01
9.278146936641351594e-01 1.498374654487694357e+00
1.265959715487842807e+00 1.123021489035795017e+00
1.442875461426777139e+00 9.781139823642819309e-01
1.353484072266804672e+00 1.352641776464910794e+00
