2.000000000000000000e+00 1.000000000000000000e+00
1.984807753012208131e+00 1.173648177666930303e+00
1.939692620785908428e+00 1.342020143325668657e+00
1.866025403784438819e+00 1.500000000000000000e+00
1.766044443118977902e+00 1.642787609686539252e+00
1.642787609686539252e+00 1.766044443118977902e+00
1.500000000000000000e+00 1.866025403784438597e+00
1.342020143325668879e+00 1.939692620785908428e+00
1.173648177666930525e+00 1.984807753012208131e+00
1.000000000000000000e+00 2.000000000000000000e+00
8.263518223330696966e-01 1.984807753012208131e+00
6.579798566743313426e-01 1.939692620785908428e+00
5.000000000000002220e-01 1.866025403784438819e+00
3.572123903134606371e-01 1.766044443118977902e+00
2.339555568810220976e-01 1.642787609686539474e+00
1.339745962155612924e-01 1.500000000000000000e+00
6.030737921409168312e-02 1.342020143325668879e+00
1.519224698779197968e-02 1.173648177666930748e+00
0.000000000000000000e+00 1.000000000000000222e+00
1.519224698779186866e-02 8.263518223330699186e-01
6.030737921409157209e-02 6.579798566743313426e-01
1.339745962155611814e-01 5.000000000000002220e-01
2.339555568810219865e-01 3.572123903134607481e-01
3.572123903134605261e-01 2.339555568810220976e-01
4.999999999999995559e-01 1.339745962155616255e-01
6.579798566743306765e-01 6.030737921409179414e-02
8.263518223330696966e-01 1.519224698779197968e-02
9.999999999999997780e-01 0.000000000000000000e+00
1.173648177666930081e+00 1.519224698779186866e-02
1.342020143325668213e+00 6.030737921409146107e-02
1.500000000000000000e+00 1.339745962155614034e-01
1.642787609686539252e+00 2.339555568810218755e-01
1.766044443118977902e+00 3.572123903134604150e-01
1.866025403784438375e+00 4.999999999999995559e-01
1.939692620785907984e+00 6.579798566743305654e-01
1.984807753012208131e+00 8.263518223330695855e-01
3.981117213050894277e-01 7.193348862908331975e-01
5.304031483901844313e-01 1.469596851609815236e+00
3.384169035555367189e-01 1.057881020919268833e+00
2.110564952502897440e-01 7.886032250285357481e-01
3.309375656440493030e-01 5.315174399310245157e-01
8.281156227736163888e-01 3.585187711638025965e-01
5.315174399310246267e-01 1.669062434355950586e+00
3.309375656440493585e-01 1.468482560068975706e+00
1.601888278694910017e+00 1.280665113709166913e+00
1.057881020919268833e+00 1.661583096444463337e+00
2.110564952502901881e-01 1.211396774971464474e+00
5.692359973599243617e-01 3.848052482533215191e-01
9.288134189282731823e-01 1.863336550954015347e-01
1.380917982735297311e+00 4.559927422243582606e-01
1.669062434355950808e+00 1.468482560068975484e+00
1.641481228836197293e+00 8.281156227736168329e-01
1.788943504749709978e+00 1.211396774971464252e+00
9.288134189282730713e-01 1.813666344904599104e+00
1.317392281967447065e+00 1.680649945195511918e+00
1.194376757415481771e+00 2.745760655149299678e-01
1.577546729778245727e+00 4.224532702217541624e-01
1.813666344904598660e+00 9.288134189282730713e-01
1.740249015427676182e+00 6.548162151643761586e-01
7.933143952539687405e-01 1.567864031966043292e+00
4.318104743936070911e-01 1.264951127073716819e+00
1.624542126876223014e+00 1.054640355996039336e+00
1.419230365940302274e+00 1.451915292329039042e+00
1.513549169610353129e+00 6.404090001974938051e-01
7.796072849675861338e-01 9.834900262112158398e-01
1.294366062116171001e+00 1.135695350632621947e+00
5.687740722300227425e-01 1.078580848128972480e+00
1.473818595750387539e+00 1.153681391161249348e+00
1.407268349702411214e+00 9.134537286775807896e-01
4.681536404767807635e-01 9.062211372244818319e-01
6.795607450357434853e-01 7.204207919823243378e-01
7.845501023573607791e-01 1.275721847463260339e+00
1.086973343127789926e+00 8.905376503830833013e-01
7.191285550903123713e-01 1.130670677282991310e+00
9.201811648102230512e-01 1.127270067687070387e+00
6.082529399467225817e-01 1.267957158190873290e+00
1.047141755776417993e+00 1.379450660666381001e+00
1.242295164328612644e+00 9.694436121528430261e-01
1.107919192431073840e+00 1.102811161704530640e+00
1.258310917742264667e+00 7.455935371531036138e-01
9.939381033115889386e-01 6.068206256293240397e-01
1.353915239642771606e+00 6.153149199787406598e-01
1.174567271321073747e+00 5.839199853771903648e-01
1.062198555744906292e+00 4.214179883165334317e-01
1.097985362063217396e+00 7.298142716803553975e-01
8.943208045384979377e-01 7.965990582747370929e-01
1.223039044807098241e+00 4.317177460519172616e-01
6.855330006507441842e-01 2.422264232312465182e-01
4.070751980314998297e-01 3.882994412098972337e-01
1.178103538335586453e+00 1.800867914803046643e+00
1.378352746789088812e+00 2.720168365093961205e-01
1.087465097732735142e+00 1.525997102359993862e-01
7.383605813184609401e-01 1.758405645699617326e+00
1.534442224843660663e+00 1.606536525532817894e+00
6.383171130982823183e-01 8.866646664240167564e-01
5.393737485889240624e-01 5.805626196248528936e-01
7.299936080152668039e-01 5.296819720218715055e-01
6.970605176012155679e-01 1.424549100255330547e+00
9.576905710706118402e-01 1.524126197331526988e+00
1.216978370282589150e+00 1.498905604170467143e+00
1.222721043183280010e+00 1.310279708582144265e+00
1.385465675848023492e+00 1.291622241154058992e+00
1.795896868412092118e-01 9.682438370171956299e-01
