2.000000000000000000e+00 1.000000000000000000e+00
1.989821441880932795e+00 1.142314838273285060e+00
1.959492973614497480e+00 1.281732556841429727e+00
1.909631995354518441e+00 1.415415013001886324e+00
1.841253532831181206e+00 1.540640817455597666e+00
1.755749574354258158e+00 1.654860733945285212e+00
1.654860733945285212e+00 1.755749574354258158e+00
1.540640817455597666e+00 1.841253532831180983e+00
1.415415013001886546e+00 1.909631995354518441e+00
1.281732556841429727e+00 1.959492973614497480e+00
1.142314838273285060e+00 1.989821441880932795e+00
1.000000000000000000e+00 2.000000000000000000e+00
8.576851617267149397e-01 1.989821441880932795e+00
7.182674431585702735e-01 1.959492973614497480e+00
5.845849869981136759e-01 1.909631995354518441e+00
4.593591825444023335e-01 1.841253532831180983e+00
3.451392660547150104e-01 1.755749574354258158e+00
2.442504256457418421e-01 1.654860733945285212e+00
1.587464671688189055e-01 1.540640817455597666e+00
9.036800464548155887e-02 1.415415013001886324e+00
4.050702638550263135e-02 1.281732556841429727e+00
1.017855811906731578e-02 1.142314838273285282e+00
0.000000000000000000e+00 1.000000000000000222e+00
1.017855811906720476e-02 8.576851617267150507e-01
4.050702638550252033e-02 7.182674431585706065e-01
9.036800464548166989e-02 5.845849869981134539e-01
1.587464671688187945e-01 4.593591825444024446e-01
2.442504256457416201e-01 3.451392660547150104e-01
3.451392660547147884e-01 2.442504256457418421e-01
4.593591825444025556e-01 1.587464671688187945e-01
5.845849869981136759e-01 9.036800464548155887e-02
7.182674431585702735e-01 4.050702638550263135e-02
8.576851617267147176e-01 1.017855811906731578e-02
9.999999999999997780e-01 0.000000000000000000e+00
1.142314838273284838e+00 1.017855811906720476e-02
1.281732556841429282e+00 4.050702638550252033e-02
1.415415013001886102e+00 9.036800464548144785e-02
1.540640817455597222e+00 1.587464671688185724e-01
1.654860733945285212e+00 2.442504256457418421e-01
1.755749574354258380e+00 3.451392660547151214e-01
1.841253532831181206e+00 4.593591825444025556e-01
1.909631995354518441e+00 5.845849869981135649e-01
1.959492973614497480e+00 7.182674431585702735e-01
1.989821441880932795e+00 8.576851617267147176e-01
3.631275386297255769e-01 6.522413258039785333e-01
2.762162580147549673e-01 1.051766034890093016e+00
2.055925571591565859e-01 7.037013429083791571e-01
3.212486186582546588e-01 4.918930803837656685e-01
7.464174090213121504e-01 3.201187625158774530e-01
3.631275386297261876e-01 1.347758674196021023e+00
1.715107840217462432e-01 1.180226797238823622e+00
1.542946621560460363e-01 9.395139604745912365e-01
5.290165865151599256e-01 3.708398170736672550e-01
8.197732027611762673e-01 1.715107840217461876e-01
1.253582590978687517e+00 3.201187625158777861e-01
5.651446063400729081e-01 1.580898798531444882e+00
3.212486186582551029e-01 1.508106919616234221e+00
1.056066784891204424e+00 2.160839157220387219e-01
1.406338730740800624e+00 2.558461749509173266e-01
1.636872461370274534e+00 6.522413258039787554e-01
8.457557025191663191e-01 1.709049592218379043e+00
5.936612692591991536e-01 1.744153825049082673e+00
1.555728311118719454e+00 4.442716888812807685e-01
1.794407442840843636e+00 7.037013429083790461e-01
1.709049592218379043e+00 1.154244297480833792e+00
1.154244297480833570e+00 1.709049592218379043e+00
9.395139604745910145e-01 1.845705337843953853e+00
1.783916084277961112e+00 9.439332151087951317e-01
1.794407442840843414e+00 1.296298657091620843e+00
1.376650651756416099e+00 1.689784167757709232e+00
1.611781753878474666e+00 1.457974084452136720e+00
1.610205909327696805e+00 1.610205909327696805e+00
3.247902060432651394e-01 1.198259483797153191e+00
3.428565592470252943e-01 8.570471946172948385e-01
6.800882795779691348e-01 1.949684980380928523e-01
2.310433332362622494e-01 1.398904590916210111e+00
4.681675338795642238e-01 1.460835455179898990e+00
1.285410373683960827e+00 1.821001610172495178e-01
4.662433686925114840e-01 1.682292522712736105e+00
7.076661392538414752e-01 1.640121865453645800e+00
1.751309257277918086e+00 5.687765916106470865e-01
7.979124476238639296e-01 1.842365626785097188e+00
9.999999999999998890e-01 1.703715204305413344e+00
1.850192929108439355e+00 1.166106024299057964e+00
1.453380552807314485e+00 1.532458445624446775e+00
5.582851697749697806e-01 1.039538039892482946e+00
7.492324779245705946e-01 1.338989574748844280e+00
1.250864166996488169e+00 1.531062412213917590e+00
1.405230420439706140e+00 1.224387479885780783e+00
5.162610250288127700e-01 1.228824191335960769e+00
4.189879585366722559e-01 1.085725876616145280e+00
6.889331440455112032e-01 1.484101166308468223e+00
1.082364093471684274e+00 1.554811103541746009e+00
1.474351299387353764e+00 1.371382501016095157e+00
9.178514888765870738e-01 1.561044686175959262e+00
1.129223609627637348e+00 1.277646119991830531e+00
1.300011375801717772e+00 1.363612936379745344e+00
1.568258807855740233e+00 1.237476022786012431e+00
1.149804375704239545e+00 1.423669349197756118e+00
9.645136629647351745e-01 1.375322583252739372e+00
1.507386947987874759e+00 9.738147884993562098e-01
1.579617345093156322e+00 1.095996255073433456e+00
5.943732539576851437e-01 7.785353403767907299e-01
6.877500378201710785e-01 1.167589078515221201e+00
8.423267334145662089e-01 1.443346372697361657e+00
4.519610742145098725e-01 7.644398734053305944e-01
5.397798755410716520e-01 6.036426923140860712e-01
7.866563873247482963e-01 9.381180169865833696e-01
8.844495936484546572e-01 1.193759023841828082e+00
8.404888283776859037e-01 6.057423803527610673e-01
6.923116423571933353e-01 1.033504435475294914e+00
6.897985769686045820e-01 6.527808923199482916e-01
6.629098607555191647e-01 4.812997137549233639e-01
8.094708411367206313e-01 7.712658656363990950e-01
1.140322093200511144e+00 7.475971401103729264e-01
9.835254486858386880e-01 8.800509817662905965e-01
9.744864424138148795e-01 7.103172124594060444e-01
1.053007321976596744e+00 4.715672374489395802e-01
1.083288650614993909e+00 6.138133512126516811e-01
1.237029178604631241e+00 5.067388946767911184e-01
1.228257568261633015e+00 1.010727230849165714e+00
9.216418764901368466e-01 1.033005978430090677e+00
1.073764642300008454e+00 1.005556704545398583e+00
1.146853948274197510e+00 1.132355889434252916e+00
1.386669077942948913e+00 4.259679003655525986e-01
1.452891465523399983e+00 6.042108052035786159e-01
1.503818033844044777e+00 7.855215219607880606e-01
1.636823817366325873e+00 8.771809837207026339e-01
1.353313219901465025e+00 8.825546489601379108e-01
1.212099440060005140e+00 8.698684889635790451e-01
1.295034818617599504e+00 7.389791455479689519e-01
1.212974932879958168e+00 6.361108532610318944e-01
3.915339774493734604e-01 3.736999482421703433e-01
9.502913740124376840e-01 1.282134963576985753e-01
1.533331476686956130e+00 3.085954936469171295e-01
1.091193746555084942e+00 1.847010049619041361e+00
1.855838698979352719e+00 8.267291808763844729e-01
1.274631238202802441e+00 1.805437247276374446e+00
1.751025156388686499e+00 1.431277877154806699e+00
1.512809638342383023e+00 1.706877635654544978e+00
5.587742579421665079e-01 2.435811658579087324e-01
1.161892826141976975e+00 1.393953747840240842e-01
1.685926610953448090e+00 4.556156757535321788e-01
1.874884662390677414e+00 1.037768182547178064e+00
5.898684062148424889e-01 1.365072495114630025e+00
1.114560875424601916e+00 3.445443736331096352e-01
9.486201666705822433e-01 3.425572010810032930e-01
9.100389827184518499e-01 4.805116919131088293e-01
1.377712183807618507e+00 1.067057955366865984e+00
