2.000000000000000000e+00 1.000000000000000000e+00
1.992708874098053862e+00 1.120536680255323159e+00
1.970941817426052012e+00 1.239315664287557794e+00
1.935016242685414944e+00 1.354604887042535566e+00
1.885456025653209799e+00 1.464723172043768562e+00
1.822983865893656574e+00 1.568064746731155701e+00
1.748510748171101081e+00 1.663122658240795193e+00
1.663122658240795193e+00 1.748510748171101081e+00
1.568064746731155923e+00 1.822983865893656352e+00
1.464723172043768562e+00 1.885456025653209799e+00
1.354604887042535788e+00 1.935016242685414722e+00
1.239315664287557794e+00 1.970941817426052012e+00
1.120536680255323159e+00 1.992708874098053862e+00
1.000000000000000000e+00 2.000000000000000000e+00
8.794633197446770634e-01 1.992708874098053862e+00
7.606843357124423166e-01 1.970941817426052012e+00
6.453951129574645451e-01 1.935016242685414944e+00
5.352768279562314380e-01 1.885456025653209799e+00
4.319352532688442992e-01 1.822983865893656574e+00
3.368773417592050290e-01 1.748510748171101303e+00
2.514892518288991408e-01 1.663122658240795637e+00
1.770161341063436478e-01 1.568064746731155701e+00
1.145439743467902005e-01 1.464723172043768784e+00
6.498375731458527760e-02 1.354604887042535788e+00
2.905818257394809923e-02 1.239315664287558016e+00
7.291125901946027277e-03 1.120536680255323603e+00
0.000000000000000000e+00 1.000000000000000222e+00
7.291125901946027277e-03 8.794633197446771744e-01
2.905818257394787718e-02 7.606843357124425387e-01
6.498375731458505555e-02 6.453951129574647672e-01
1.145439743467900895e-01 5.352768279562315490e-01
1.770161341063435367e-01 4.319352532688444102e-01
2.514892518288986967e-01 3.368773417592050290e-01
3.368773417592044739e-01 2.514892518288991408e-01
4.319352532688440771e-01 1.770161341063436478e-01
5.352768279562308829e-01 1.145439743467904226e-01
6.453951129574641010e-01 6.498375731458527760e-02
7.606843357124422056e-01 2.905818257394798820e-02
8.794633197446763972e-01 7.291125901946027277e-03
9.999999999999997780e-01 0.000000000000000000e+00
1.120536680255322270e+00 7.291125901945916254e-03
1.239315664287557350e+00 2.905818257394787718e-02
1.354604887042535566e+00 6.498375731458516658e-02
1.464723172043767896e+00 1.145439743467898674e-01
1.568064746731155701e+00 1.770161341063434257e-01
1.663122658240794749e+00 2.514892518288983636e-01
1.748510748171100637e+00 3.368773417592044739e-01
1.822983865893656352e+00 4.319352532688440771e-01
1.885456025653209577e+00 5.352768279562307718e-01
1.935016242685414722e+00 6.453951129574639900e-01
1.970941817426051790e+00 7.606843357124413174e-01
1.992708874098053862e+00 8.794633197446763972e-01
3.426582524904946414e-01 6.026230605517385319e-01
8.615427032712078548e-01 1.755537015642961274e+00
2.666608827664868064e-01 1.228517710821916298e+00
2.444629843570384486e-01 8.615427032712079658e-01
2.067439004026312421e-01 6.429844102845793108e-01
3.152339039863896186e-01 4.635200240469742883e-01
6.847541778858142747e-01 2.995525168410787531e-01
7.412039127359044688e-01 1.830505843486410766e+00
1.766717483043141579e+00 9.536221365293172658e-01
1.473713406190242825e+00 1.604650488976694378e+00
1.138457296728792256e+00 1.755537015642961496e+00
9.474771143176969890e-01 1.868306810596279677e+00
1.443550579588695482e-01 1.156802755102423363e+00
4.568579352397212912e-01 1.543142064760278931e+00
3.048793637852525995e-01 1.420215073837753472e+00
1.316931894037201844e-01 9.474771143176971000e-01
4.990612333051991922e-01 3.605989058545837622e-01
7.412039127359044688e-01 1.694941565135895667e-01
1.138457296728791368e+00 2.444629843570392536e-01
1.868306810596279233e+00 1.052522885682303011e+00
1.604650488976693490e+00 5.262865938097578411e-01
1.775485743395826654e+00 7.583488693138704662e-01
1.450029000939601298e+00 1.744438895519024424e+00
1.657341747509505359e+00 1.397376939448262023e+00
1.615107864869357757e+00 1.615107864869357757e+00
1.258796087264095531e+00 1.830505843486410988e+00
5.797849261622461947e-01 1.695120636214747289e+00
9.509566978148520366e-01 1.892175620532720037e-01
1.258796087264095087e+00 1.694941565135895389e-01
1.744438895519023980e+00 5.499709990603988130e-01
1.500938766694800197e+00 3.605989058545837622e-01
1.775485743395827098e+00 1.241651130686129090e+00
3.088778608307448659e-01 7.378919457176056351e-01
1.000000000000000000e+00 1.739155222784490196e+00
1.563760567089208520e-01 1.276451949257771945e+00
1.292044248797072359e-01 8.272513262183169847e-01
2.934145246844778732e-01 1.042740547110632354e+00
4.603907402887496003e-01 5.071570524963355808e-01
6.238760672018931475e-01 1.958496253069976767e-01
1.885269046603386123e+00 9.334736663542771984e-01
1.553265628820995836e+00 1.490150576185418574e+00
1.147265550664433365e+00 1.875465530749162557e+00
1.290521768429859550e+00 1.645512889385306154e+00
7.305319195781323494e-01 1.679307940262718457e+00
8.358769895227267099e-01 2.878652083333522738e-01
1.147265550664432476e+00 1.245344692508377343e-01
1.690770877456236443e+00 4.423597640048274604e-01
1.652164241595896366e+00 6.702210951957752183e-01
1.298796261185816814e+00 3.677691970389936893e-01
1.724056418781083844e+00 1.099068796763332578e+00
4.667046488487545108e-01 8.987141398166008655e-01
1.094405213329455062e+00 1.534556276484376536e+00
1.337518882436061096e+00 1.425139695902103876e+00
3.616304593298087511e-01 8.439765783786643549e-01
4.936321182410573494e-01 7.121778142160440916e-01
1.080484525405445151e+00 1.652212557162279882e+00
9.104421067998796913e-01 1.575525347897072770e+00
1.434816996694017632e+00 1.492740456970903296e+00
1.488752379391716119e+00 1.311289777985185534e+00
6.399291032624119246e-01 4.761488023159405891e-01
6.378735210801323996e-01 1.522432331749800083e+00
1.001248859344312070e+00 3.643353334164519675e-01
1.617492278249739179e+00 8.490880578139052837e-01
1.617900337337637717e+00 1.217925627022265811e+00
1.354194732213707120e+00 6.887732897185394609e-01
1.386442969448798079e+00 1.033762686817345067e+00
1.500744970268633960e+00 6.403960647295658948e-01
1.557110326027318914e+00 1.056796820093805600e+00
1.470327391380321647e+00 7.944140072708405498e-01
1.379454804657548106e+00 5.191315945254874054e-01
1.455493197917684389e+00 1.165929109064811842e+00
1.504150576114939630e+00 9.287701165592416874e-01
1.297179526092589130e+00 8.681047615578507681e-01
1.137908264931233315e+00 5.698662025596736846e-01
1.401500191425566255e+00 4.102119614814173643e-01
1.396747597962282317e+00 2.762283999180216165e-01
1.493235817322913439e+00 4.854701118655616043e-01
1.209402535900215181e+00 1.210378128156177846e+00
1.247691226247320317e+00 4.921742408201715824e-01
1.253183877730390750e+00 6.163462798113618080e-01
1.234270772548102357e+00 7.493748443139677251e-01
1.122610658125072547e+00 4.318392291989540110e-01
1.039530297367369682e+00 9.285885868385574948e-01
9.965253365992099432e-01 5.156745438881221721e-01
1.160417905750213974e+00 8.645365859707594414e-01
1.224948185217455965e+00 1.013904447431375644e+00
1.010550318495817113e+00 7.277899154409303017e-01
1.325505966529522128e+00 1.149719995215541246e+00
1.323732529851151973e+00 1.287769179381851981e+00
1.183913755546175839e+00 1.371178286183799333e+00
1.037819777191797410e+00 6.194655211293469410e-01
1.126199729330715105e+00 6.993087771165319433e-01
8.566240617705895843e-01 6.314461079671686017e-01
1.224980000217421150e+00 1.499885054325340361e+00
8.903143969579963013e-01 1.242218997895033095e+00
1.331371170553747207e+00 1.539565170656945536e+00
1.184130598093533493e+00 1.605832773053700979e+00
1.054036792987410376e+00 1.268170988506348129e+00
1.051449670003367753e+00 1.404814433984926003e+00
9.966935312462682495e-01 1.100519564539955031e+00
1.101589036577274250e+00 1.158273767670445098e+00
3.241704030980256390e-01 1.551776425183848618e+00
3.796674019781045573e-01 3.629771605949885793e-01
4.482235748161514377e-01 1.675829596901974305e+00
6.243462690450884978e-01 1.805912467028443658e+00
8.513464982686543836e-01 1.233514007795219053e-01
1.815599672655624941e+00 6.458703569930147603e-01
1.788239958817405606e+00 1.374006196153067627e+00
1.872393937588484381e+00 1.171870438851702279e+00
1.960509900947549067e-01 1.384050301270272065e+00
1.804716322348500213e-01 1.049572333475047525e+00
5.218445130804374443e-01 2.482048319108945411e-01
1.872496965763605026e+00 8.195070938604165356e-01
1.336959701266501988e+00 1.748693743489527774e+00
1.033554080630919136e+00 1.096614306307829856e-01
1.615519268851664414e+00 3.558224824586604385e-01
5.493480343668822874e-01 1.174412324956892073e+00
5.679945447780591072e-01 5.949157364807969861e-01
7.137228766857387496e-01 6.020121606053872032e-01
8.124349760652230801e-01 4.595728397627201756e-01
7.331390522932444975e-01 8.693551159055240563e-01
7.612374728418824787e-01 7.329378849422533149e-01
8.879541487944484501e-01 8.301406314597963298e-01
6.233174279533129081e-01 7.756323129555979801e-01
7.198977230694287854e-01 4.024600024984119617e-01
8.922449349435574995e-01 3.830147211542793695e-01
8.492998206219222190e-01 1.002741941841914786e+00
6.062178808273824826e-01 3.736048802178151274e-01
7.744308796040212384e-01 1.547576977069156534e+00
7.385093993171901738e-01 1.359276837804648475e+00
8.690683297592854961e-01 1.431946871952354927e+00
5.539474525533569782e-01 1.590315448199838277e+00
1.031756654316221544e+00 2.607931829496862863e-01
1.725326675223794126e+00 8.539300931888761381e-01
1.644349824016792194e+00 9.695267230476147802e-01
1.190115657739999167e+00 3.431900024828393736e-01
1.103066400823341731e+00 1.034648168654121569e+00
3.986736383345292900e-01 1.152713808534691298e+00
4.237765329102633483e-01 1.023326829680402561e+00
5.917101808295639476e-01 1.011478135134762368e+00
4.512871862081309637e-01 1.321355986513330860e+00
5.871799630780234480e-01 8.908301524648154501e-01
7.247762330014994037e-01 1.133048779367884507e+00
3.395057482176798147e-01 1.313653183083965281e+00
5.984552668173142020e-01 1.313374982176297667e+00
6.973504494323889968e-01 1.248244525500048718e+00
5.309966411552042853e-01 1.430316872140265927e+00
9.306408527589804525e-01 9.303293875092805143e-01
8.767899447433573634e-01 1.121284538771887274e+00
9.493245698476763250e-01 1.344880586121117938e+00
7.201927286729803424e-01 9.979025904738542119e-01
1.702647983543656762e+00 1.519126693499319058e+00
