2.000000000000000000e+00 1.000000000000000000e+00
1.995734176295034468e+00 1.092268359463302030e+00
1.982973099683901896e+00 1.183749517816570229e+00
1.961825643172819156e+00 1.273662990072082835e+00
1.932472229404355701e+00 1.361241666187152921e+00
1.895163291355062452e+00 1.445738355776538198e+00
1.850217135729614215e+00 1.526432162877355836e+00
1.798017227280239494e+00 1.602634636379256516e+00
1.739008917220659090e+00 1.673695643646557318e+00
1.673695643646557318e+00 1.739008917220659090e+00
1.602634636379256516e+00 1.798017227280239494e+00
1.526432162877355836e+00 1.850217135729613993e+00
1.445738355776538420e+00 1.895163291355062452e+00
1.361241666187153143e+00 1.932472229404355701e+00
1.273662990072082835e+00 1.961825643172819156e+00
1.183749517816570229e+00 1.982973099683901896e+00
1.092268359463302030e+00 1.995734176295034468e+00
1.000000000000000000e+00 2.000000000000000000e+00
9.077316405366980812e-01 1.995734176295034690e+00
8.162504821834295488e-01 1.982973099683901896e+00
7.263370099279171654e-01 1.961825643172819156e+00
6.387583338128470789e-01 1.932472229404355701e+00
5.542616442234618024e-01 1.895163291355062452e+00
4.735678371226440531e-01 1.850217135729613993e+00
3.973653636207437057e-01 1.798017227280239716e+00
3.263043563534427927e-01 1.739008917220659090e+00
2.609910827793410215e-01 1.673695643646557318e+00
2.019827727197605061e-01 1.602634636379256516e+00
1.497828642703857849e-01 1.526432162877355836e+00
1.048367086449377705e-01 1.445738355776538420e+00
6.752777059564418760e-02 1.361241666187152921e+00
3.817435682718095524e-02 1.273662990072083057e+00
1.702690031609821464e-02 1.183749517816570451e+00
4.265823704965421292e-03 1.092268359463301808e+00
0.000000000000000000e+00 1.000000000000000222e+00
4.265823704965532315e-03 9.077316405366979701e-01
1.702690031609821464e-02 8.162504821834298818e-01
3.817435682718095524e-02 7.263370099279171654e-01
6.752777059564429862e-02 6.387583338128468569e-01
1.048367086449376595e-01 5.542616442234618024e-01
1.497828642703858959e-01 4.735678371226441641e-01
2.019827727197603950e-01 3.973653636207438167e-01
2.609910827793409105e-01 3.263043563534427927e-01
3.263043563534429037e-01 2.609910827793407995e-01
3.973653636207434836e-01 2.019827727197605061e-01
4.735678371226438310e-01 1.497828642703860069e-01
5.542616442234620244e-01 1.048367086449375485e-01
6.387583338128470789e-01 6.752777059564418760e-02
7.263370099279169434e-01 3.817435682718095524e-02
8.162504821834299928e-01 1.702690031609810362e-02
9.077316405366980812e-01 4.265823704965421292e-03
9.999999999999997780e-01 0.000000000000000000e+00
1.092268359463301586e+00 4.265823704965421292e-03
1.183749517816570451e+00 1.702690031609821464e-02
1.273662990072082835e+00 3.817435682718095524e-02
1.361241666187152699e+00 6.752777059564407658e-02
1.445738355776538420e+00 1.048367086449377705e-01
1.526432162877355836e+00 1.497828642703858959e-01
1.602634636379256072e+00 2.019827727197602840e-01
1.673695643646557318e+00 2.609910827793411325e-01
1.739008917220659090e+00 3.263043563534429037e-01
1.798017227280239272e+00 3.973653636207434836e-01
1.850217135729613993e+00 4.735678371226438310e-01
1.895163291355062452e+00 5.542616442234619134e-01
1.932472229404355701e+00 6.387583338128469679e-01
1.961825643172818934e+00 7.263370099279168324e-01
1.982973099683901896e+00 8.162504821834299928e-01
1.995734176295034690e+00 9.077316405366979701e-01
2.471586526074920909e-01 6.675880282729778070e-01
1.849290327185358629e-01 8.863024556726415426e-01
1.475354959259966570e-01 7.142826950462854985e-01
2.145507410769716961e-01 5.625076335369768588e-01
4.742528273179827947e-01 3.668667409556827796e-01
1.988966676620863017e-01 1.188417791644797994e+00
1.515335334620397101e-01 1.039226972137349936e+00
3.465486750233659485e-01 4.573809199182567453e-01
4.919017842820818665e-01 2.582680320759940251e-01
8.115822083552024502e-01 1.988966676620871066e-01
3.210577467046776823e-01 1.465086260796298445e+00
2.229989991468850907e-01 1.343079502237796374e+00
9.171451818162530689e-02 9.580074278793496712e-01
9.946368966005886270e-02 1.125619450542781896e+00
3.570591424573545392e-01 3.570591424573544281e-01
6.569204977622039587e-01 2.229989991468851740e-01
8.757875166956569091e-01 1.095499070427824184e-01
1.188417791644797772e+00 1.988966676620858853e-01
5.349137392037006666e-01 1.678942253295323095e+00
3.083135186980184295e-01 1.574369150146692098e+00
1.378795451128627669e-01 1.288953653481904604e+00
2.056538786573316457e-01 1.442447886313409589e+00
7.110463465180953957e-01 1.378795451128627114e-01
1.039226972137349714e+00 1.515335334620397933e-01
1.285717304953714279e+00 1.475354959259967402e-01
1.525747172682015984e+00 3.668667409556840564e-01
8.115822083552022281e-01 1.801103332337914198e+00
6.569204977622035146e-01 1.777001000853114743e+00
4.256308498533076246e-01 1.691686481301982292e+00
1.125619450542781896e+00 9.946368966005894596e-02
1.413308593214523290e+00 2.579689312720738759e-01
1.635739769503272711e+00 3.642602304967273996e-01
1.752841347392507965e+00 6.675880282729778070e-01
1.113697544327358679e+00 1.815070967281463998e+00
9.607730278626498421e-01 1.848466466537960651e+00
5.575521136865905225e-01 1.794346121342668798e+00
7.110463465180957288e-01 1.862120454887137067e+00
1.513853495094086954e+00 2.498663597898461708e-01
1.700730389157136369e+00 5.199885189975508304e-01
1.852464504074003315e+00 7.142826950462854985e-01
1.822084704118096532e+00 1.038007269650343067e+00
1.400457396918262543e+00 1.718958751629508619e+00
1.205842984009718233e+00 1.875190707783238153e+00
8.743805494572179926e-01 1.900536310339941526e+00
1.041992572120650440e+00 1.908285481818374762e+00
1.794346121342668576e+00 5.575521136865903005e-01
1.841227649806308930e+00 8.826537542831857097e-01
1.890450092957217887e+00 1.124212483304343424e+00
1.718958751629508397e+00 1.400457396918262765e+00
1.542619080081743199e+00 1.653451324976633829e+00
1.363153986592929856e+00 1.822465373786527509e+00
1.908285481818375207e+00 9.580074278793493381e-01
1.805341834401861245e+00 1.269923377914401463e+00
1.741731967924005753e+00 1.508098215717917689e+00
1.513853495094087176e+00 1.750133640210153496e+00
1.642940857542645627e+00 1.642940857542645627e+00
1.831781521446441019e+00 1.367267468169436784e+00
1.576255838793016562e+00 1.490474267284589205e+00
2.409875188561846349e-01 7.840423297442430384e-01
1.545591152156934878e-01 6.267013329393201770e-01
3.378210838866729238e-01 5.818546696664085305e-01
9.493691318987285133e-02 8.657558002746525982e-01
5.936251540045989206e-01 3.305331085355875387e-01
4.629788091222064583e-01 1.537021190877793764e+00
9.346352267830279059e-01 2.195809583005411125e-01
3.465008858100299127e-01 1.653499114189970198e+00
1.289350554932236381e+00 2.722619354567092365e-01
1.583396763434080645e+00 4.775302394975897702e-01
1.241350714114554776e+00 1.720092599392607946e+00
1.755120178910849260e+00 7.923465636536322076e-01
1.293698797295449898e+00 1.876278038616372656e+00
1.768514966010837686e+00 1.150702293420403421e+00
1.662253195782466886e+00 1.468683842948938612e+00
1.585772352891069881e+00 1.347439469395654177e+00
4.077761833712929551e-01 9.419705887062307381e-01
4.941421340750921654e-01 5.302724170822669114e-01
3.956848975635275378e-01 7.338493757473394385e-01
1.550087367693800400e-01 8.017466584576132815e-01
7.565502082534480977e-01 3.540368574211062436e-01
1.070003232205814836e+00 3.132425973077690995e-01
1.368778439240250888e+00 4.164431086660294046e-01
1.590230610696358182e+00 6.419999876133436478e-01
1.687927113018669045e+00 9.426199525475834617e-01
1.673228511627383508e+00 1.245434230935220432e+00
3.036576735350582368e-01 8.848933458675701802e-01
4.054183811579374908e-01 5.240514697649357734e-01
4.425067850257249358e-01 6.308969136904443165e-01
5.614736679893427285e-01 4.391637258655274323e-01
3.086978012053646636e-01 7.292397649430829576e-01
6.799008763993548143e-01 3.089205140015615636e-01
6.679024826613821908e-01 4.169738435149786260e-01
8.574335639840174883e-01 3.024919487393307183e-01
1.021499648757615120e+00 2.386905556864108713e-01
9.625956136946671737e-01 3.300677854787915644e-01
1.183285851809000366e+00 3.120690683081564498e-01
1.358590516290333783e+00 3.280869501755449558e-01
1.265131450226220311e+00 3.836287042138380454e-01
1.470707968744304095e+00 4.658870171842225405e-01
1.620494484864718032e+00 5.583656499430372788e-01
1.512076269557822039e+00 5.664262988557610123e-01
1.659435137327416765e+00 7.316942603861579242e-01
1.752297254387995995e+00 8.812433330795645947e-01
1.651652307538183928e+00 8.401327730636126701e-01
1.709896287186068342e+00 1.053758084891417202e+00
3.969659547205333650e-01 8.381867919147647505e-01
5.951008228659149246e-01 7.835775150115099619e-01
5.146382513641284406e-01 8.783848233644369063e-01
2.934662193361484706e-01 1.026987751469307319e+00
6.444756834402073364e-01 5.709383940687704495e-01
8.729968973862041182e-01 4.574489763385831687e-01
1.128147285863650318e+00 4.577180857935887470e-01
1.356428594997632908e+00 5.716892973347615925e-01
1.509976302598652120e+00 7.754658775655691727e-01
5.047191496307065206e-01 7.213138832593402050e-01
7.354889258483638947e-01 9.842720993182225708e-01
5.498788568138613941e-01 6.224342140664026468e-01
1.518171496289103528e+00 9.450408430601401344e-01
4.750168246630184776e-01 8.020382666299256114e-01
5.575636558865859627e-01 1.072114080146782555e+00
6.389586744168052057e-01 9.023472731330540730e-01
6.441128965740999801e-01 6.829061432276610777e-01
1.602640201034434497e+00 9.151435832345378163e-01
1.617789184985792827e+00 1.014224870914495646e+00
1.620092404645308237e+00 1.135923899882352650e+00
5.041403933064187992e-01 9.823310872465060850e-01
4.178400005950733131e-01 1.094467736012411097e+00
8.149948346662437837e-01 6.274753557300307705e-01
7.466555475507528072e-01 7.950957558333138220e-01
1.500135090446349295e+00 1.077322847331822153e+00
7.204641750708395964e-01 6.271690668030558413e-01
7.497109771728288630e-01 5.081861388094720544e-01
1.308515506744623691e+00 1.400826758023477892e+00
1.728985524224665005e+00 1.313243043808411281e+00
2.173591953217627881e-01 9.734932170536589879e-01
2.280146994718899034e-01 1.097060261425947703e+00
3.240503242705680687e-01 1.177988428071144567e+00
6.349992036854886779e-01 1.004844799093079555e+00
7.244375459708939369e-01 1.186003523497558776e+00
6.559457732737771218e-01 1.107160731431963807e+00
5.399866052197115351e-01 1.277067238082652878e+00
5.756701629450190483e-01 1.176897212240320512e+00
4.661320726073301945e-01 1.194317257810201482e+00
3.961768276086906071e-01 1.331085115604714098e+00
3.774504899090436738e-01 1.020552533514329285e+00
6.682397855072303994e-01 8.240521745829021416e-01
7.369396203832336845e-01 8.894399892365687510e-01
9.215347589153377594e-01 8.607778888666178796e-01
8.254759979426906646e-01 8.508853931438197238e-01
8.462510735413781848e-01 7.379598636917472643e-01
8.615164858843908924e-01 9.722469719329511761e-01
7.621187728958144225e-01 7.066781039340301884e-01
1.018688018500708559e+00 6.295137109444322032e-01
9.165420532341029825e-01 6.584109631420931308e-01
8.914478158430830801e-01 5.586497186912113833e-01
1.000541617016385665e+00 4.864773809976568608e-01
9.997640987624205611e-01 7.576027980589266075e-01
1.028099511030595270e+00 3.969838799077707314e-01
1.502126081201083485e+00 1.225325076198230168e+00
1.589681547656749627e+00 1.218326114357111578e+00
7.907619066720403822e-01 4.327811085715574935e-01
1.454149690897208691e+00 1.410516216722351501e+00
2.676162973369040632e-01 1.256917488297075280e+00
3.887844757599949741e-01 1.241029413939365167e+00
8.091144098334454027e-01 1.089473921631363806e+00
1.103887707094421522e+00 1.030854499339513008e+00
1.081644279951785803e+00 5.488574791586149360e-01
1.218936514367313428e+00 5.614759776511420997e-01
1.140670899948750705e+00 6.598291228099381067e-01
1.290047987821199449e+00 4.850237376689279234e-01
9.191738382696716947e-01 7.777427523378500629e-01
1.538522530258215726e+00 1.150820948964199841e+00
1.446600024623468483e+00 1.152057530739167390e+00
1.366600066608908426e+00 1.270359846299805584e+00
1.330988946975000253e+00 1.012699413928446202e+00
1.537740181086366453e+00 1.416077731053752231e+00
1.450399266539134757e+00 1.549458454496454030e+00
1.492481728900779014e+00 1.321636622295634611e+00
7.289392212165116680e-01 1.067220214062153394e+00
9.506765440783715437e-01 1.299058389332938823e+00
9.903928847840667293e-01 9.697455079883585682e-01
1.278570648638186924e+00 6.892474476962591190e-01
1.384601625602088548e+00 1.356537468327628115e+00
1.311236271954127064e+00 1.146720534987407225e+00
1.432480806609290447e+00 1.000727693886721115e+00
1.363366064542376632e+00 8.509894885264555064e-01
1.535368153822950665e+00 1.566995143402273083e+00
1.451058297095582761e+00 1.641760261734916293e+00
1.320131557118129573e+00 1.611125181528166861e+00
1.376524192926841250e+00 1.477942631842469323e+00
1.263849890104483897e+00 1.508763933452508699e+00
1.119403855134257775e+00 1.385780385429084438e+00
1.211525225036264919e+00 1.423901243938235917e+00
1.106562195623139067e+00 1.547181907578721205e+00
1.218737622950613497e+00 1.276103174336939317e+00
1.204733693964191277e+00 1.607921415720602099e+00
1.124415532053295363e+00 1.696202574343503411e+00
1.018632261165999475e+00 1.746581830790752576e+00
9.093232852617735285e-01 1.751877539971499420e+00
7.666716588143177580e-01 1.590281863506641802e+00
9.567581800463076380e-01 1.600209731932343393e+00
8.167920366269530996e-01 1.689799199173005029e+00
1.038448086026918515e+00 1.651941645384862101e+00
7.415757303614816109e-01 1.742052534074871595e+00
6.555766646483773830e-01 1.653741963469500309e+00
8.612027288111739898e-01 1.605052588948482573e+00
8.397151265029081380e-01 1.432691201921724833e+00
9.043946639220339367e-01 1.512147943678520567e+00
9.485339948821610578e-01 1.410163901607266457e+00
5.750052450959440842e-01 1.569430032415305654e+00
1.027996935103213882e+00 1.356122843645395148e+00
1.077861620189356051e+00 1.207642419914293441e+00
1.044473801648595934e+00 1.461030317337016937e+00
5.565615163467517723e-01 1.423360556896625884e+00
8.523926997143375095e-01 1.212842684013470063e+00
1.117785185554773353e+00 8.690946111877980718e-01
1.409526866503127307e+00 6.914173773975739179e-01
1.497859920318490801e+00 6.593265034008800596e-01
1.381315552897926180e+00 1.088582972740160582e+00
1.220888777650288137e+00 1.064938505874977848e+00
1.188958990017642270e+00 9.566863945252139789e-01
1.207616783344292788e+00 1.170396594038443983e+00
1.239322914610449189e+00 8.430500782330547782e-01
1.296563878411428838e+00 9.217107296326882970e-01
1.159635286092117523e+00 7.677872671496039914e-01
1.305756120311190704e+00 7.780936852874071885e-01
1.320725834378031038e+00 1.694516873575198534e+00
1.294343833158418722e+00 1.316354221256399226e+00
1.290989701314944060e+00 1.230001826351969862e+00
1.124591904932918274e+00 1.290657657628434984e+00
9.910106942984829859e-01 1.104546842365010662e+00
4.469065745225340724e-01 1.428432014512049486e+00
6.832536291530679762e-01 1.334920824861071775e+00
6.815080219413564011e-01 1.481783111756832305e+00
8.430732842948780448e-01 1.322595064892812644e+00
7.667580510231319924e-01 1.375366577751970798e+00
1.075855205431505590e+00 9.469691684067348403e-01
1.019595739996590478e+00 8.664519437964551818e-01
1.420027247321935970e+00 7.809176355714376738e-01
1.458034904340971272e+00 8.695956945151824824e-01
1.124116363063172530e+00 1.124142184012582923e+00
9.783349579545643770e-01 1.203356028938599387e+00
8.975163236387735388e-01 1.127737637749712585e+00
9.272442867434260716e-01 1.037437007972746406e+00
5.959444239734782434e-01 1.344812885060105323e+00
6.812284127470626949e-01 1.569675594116695994e+00
6.005993005676861785e-01 1.491999199034212298e+00
7.731199174425684717e-01 1.497547439539914871e+00
2.538856869772099234e-01 4.764647207595802403e-01
5.654656103870334682e-01 1.987786691865343625e-01
9.681558441969779771e-01 8.908743205068946069e-02
1.377522950974853222e+00 1.703903458890722866e-01
1.707733530516472920e+00 4.256403509215649361e-01
1.889551202184075684e+00 8.013183063297465436e-01
1.884853633435426223e+00 1.218654531402710628e+00
3.120031796202086261e-01 1.371954501707327134e+00
6.461933667207808707e-01 1.244518128418701908e+00
7.590742467286997197e-01 1.275735970335008407e+00
