2.000000000000000000e+00 1.000000000000000000e+00
1.994521895368273290e+00 1.104528463267653526e+00
1.978147600733805689e+00 1.207911690817759398e+00
1.951056516295153642e+00 1.309016994374947451e+00
1.913545457642600756e+00 1.406736643075800153e+00
1.866025403784438597e+00 1.500000000000000000e+00
1.809016994374947451e+00 1.587785252292473137e+00
1.743144825477394244e+00 1.669130606358858238e+00
1.669130606358858238e+00 1.743144825477394244e+00
1.587785252292472915e+00 1.809016994374947451e+00
1.500000000000000000e+00 1.866025403784438819e+00
1.406736643075800153e+00 1.913545457642600756e+00
1.309016994374947451e+00 1.951056516295153642e+00
1.207911690817759176e+00 1.978147600733805689e+00
1.104528463267653526e+00 1.994521895368273290e+00
9.999999999999998890e-01 2.000000000000000000e+00
8.954715367323464736e-01 1.994521895368273290e+00
7.920883091822406019e-01 1.978147600733805689e+00
6.909830056250524377e-01 1.951056516295153642e+00
5.932633569241997362e-01 1.913545457642600756e+00
4.999999999999997780e-01 1.866025403784438375e+00
4.122147477075269739e-01 1.809016994374947451e+00
3.308693936411417624e-01 1.743144825477394244e+00
2.568551745226056449e-01 1.669130606358858016e+00
1.909830056250526598e-01 1.587785252292473359e+00
1.339745962155612924e-01 1.500000000000000000e+00
8.645454235739902238e-02 1.406736643075800153e+00
4.894348370484635780e-02 1.309016994374947007e+00
2.185239926619431117e-02 1.207911690817759398e+00
5.478104631726599116e-03 1.104528463267653304e+00
0.000000000000000000e+00 9.999999999999996669e-01
5.478104631726710139e-03 8.954715367323464736e-01
2.185239926619442219e-02 7.920883091822404909e-01
4.894348370484646882e-02 6.909830056250523267e-01
8.645454235739913340e-02 5.932633569241998472e-01
1.339745962155614034e-01 4.999999999999998890e-01
1.909830056250527708e-01 4.122147477075266409e-01
2.568551745226057559e-01 3.308693936411417624e-01
3.308693936411418735e-01 2.568551745226056449e-01
4.122147477075267519e-01 1.909830056250526598e-01
5.000000000000004441e-01 1.339745962155611814e-01
5.932633569241998472e-01 8.645454235739902238e-02
6.909830056250524377e-01 4.894348370484646882e-02
7.920883091822410460e-01 2.185239926619431117e-02
8.954715367323466957e-01 5.478104631726599116e-03
9.999999999999997780e-01 0.000000000000000000e+00
1.104528463267653970e+00 5.478104631726710139e-03
1.207911690817759398e+00 2.185239926619442219e-02
1.309016994374947229e+00 4.894348370484635780e-02
1.406736643075800597e+00 8.645454235739924442e-02
1.500000000000000000e+00 1.339745962155614034e-01
1.587785252292473803e+00 1.909830056250529928e-01
1.669130606358858460e+00 2.568551745226059779e-01
1.743144825477394244e+00 3.308693936411418735e-01
1.809016994374947895e+00 4.122147477075274180e-01
1.866025403784438819e+00 5.000000000000003331e-01
1.913545457642600978e+00 5.932633569241998472e-01
1.951056516295153642e+00 6.909830056250532149e-01
1.978147600733805689e+00 7.920883091822410460e-01
1.994521895368273290e+00 8.954715367323465847e-01
2.878925438173167706e-01 6.371631283001838453e-01
2.566600997227042047e-01 5.172694244332436408e-01
5.647152885713906389e-01 3.297203235869433646e-01
1.565131676963821272e+00 1.565131676963821272e+00
4.970365192301900437e-01 1.621108172243610257e+00
2.106228039540079811e-01 1.125025065400696134e+00
1.955295845804451982e-01 7.844428018536001579e-01
4.110867827268447350e-01 4.110867827268445684e-01
5.976140504966491740e-01 2.102731082370578597e-01
9.581722202303738500e-01 2.018784168715731520e-01
1.746133237644305725e+00 7.135862847238179096e-01
1.771984227215881003e+00 1.206852550252059730e+00
1.698485993264351457e+00 1.453602107767975271e+00
1.557786304426384660e+00 1.688808721290336878e+00
1.206852550252059508e+00 1.771984227215880559e+00
3.732691901895710540e-01 1.626730809810428946e+00
7.931474497479402697e-01 1.771984227215880781e+00
6.218944395294527805e-01 1.742073945169408722e+00
1.148834749298923708e-01 1.046386991485646512e+00
2.878925438173164375e-01 1.362836871699816044e+00
1.438697924645606085e-01 1.229399397725010168e+00
1.604758251614885056e-01 6.777368627367110765e-01
1.118191688670361755e-01 8.593259761540239516e-01
4.340823061303248909e-01 3.011498490074645540e-01
7.844428018536004910e-01 1.955295845804449484e-01
1.046386991485646734e+00 1.148834749298919683e-01
1.362836871699816488e+00 2.878925438173157714e-01
1.856130207535438892e+00 7.706006022749902762e-01
1.621108172243609813e+00 4.970365192301911539e-01
1.789726891762942529e+00 5.976140504966489519e-01
1.827461470161458212e+00 1.317632698772514432e+00
1.831707668238522047e+00 1.043587951905057265e+00
1.698850150992535557e+00 1.565917693869675054e+00
1.378105560470547442e+00 1.742073945169408278e+00
1.138652748871121112e+00 1.875419003198898871e+00
9.564120480949427350e-01 1.831707668238522047e+00
5.102321948079057146e-01 1.754176283619671484e+00
6.777368627367112985e-01 1.839524174838511383e+00
2.566600997227040937e-01 1.482730575566756359e+00
8.593259761540243957e-01 1.118191688670360784e-01
1.215557198146399509e+00 1.955295845804451427e-01
1.482730575566756803e+00 2.566600997227040937e-01
1.626730809810428502e+00 3.732691901895716091e-01
1.888180831132963755e+00 1.140674023845976048e+00
1.898019723142420734e+00 9.529367805577343420e-01
1.322263137263288479e+00 1.839524174838510939e+00
8.593259761540239516e-01 1.888180831132963755e+00
1.322263137263288924e+00 1.604758251614886166e-01
3.904334979220208668e-01 5.464361996861188953e-01
2.728711350019484838e-01 9.516409059964585637e-01
2.706823979407899650e-01 1.236969653718390072e+00
6.988818240613913213e-01 3.024189756521777350e-01
1.664111501250059799e+00 6.165750459813517104e-01
1.690547228112261768e+00 1.316916340943830033e+00
1.721293775722829489e+00 8.961237400090815708e-01
1.439573271586231717e+00 1.619731216187897838e+00
1.070816011924363709e+00 1.756489612530060862e+00
1.908304923222244875e-01 1.401566993872477518e+00
4.278566277612629865e-01 1.463312567537276676e+00
1.088014522269843409e+00 2.453180237475097447e-01
1.707996739849339196e+00 4.389724079102901300e-01
1.463312567537276010e+00 4.278566277612636526e-01
5.579984191101573510e-01 5.027548487468322946e-01
5.120087927053595944e-01 7.871525832172689974e-01
4.003982600807055592e-01 1.095291926426239959e+00
8.658379780630990341e-01 3.483722766611996313e-01
1.535725866015925645e+00 1.394481855647873969e+00
1.521580894903935999e+00 1.106737113035588305e+00
1.566686697753310487e+00 7.821262192329796470e-01
1.266711281610272799e+00 1.609494241331046682e+00
9.262316246848778523e-01 1.661193137258146990e+00
1.209626142448958053e+00 3.685928268099321059e-01
6.529047199074365926e-01 4.197912993074072729e-01
4.196330741781877371e-01 6.827481416850628149e-01
3.107195374137267097e-01 1.143405620474107209e+00
4.242174545963153243e-01 1.247320896783314037e+00
9.895110202524606269e-01 3.239768856571678679e-01
1.460142587436742634e+00 1.495364581948430915e+00
1.633644886315195555e+00 1.189654075196779015e+00
1.644402325685908384e+00 7.164186699775498823e-01
1.511779409506232463e+00 6.383717356418324718e-01
1.150812879109105902e+00 1.659069605820770343e+00
7.635071650870965954e-01 6.420810553394388220e-01
4.927768518480183380e-01 5.957964958317761850e-01
6.277806453117541485e-01 6.210524817849175649e-01
3.627130350663656522e-01 8.261789161264116998e-01
1.305740432020874309e+00 1.300927931803882664e+00
1.580177739387587543e+00 1.289913065456159691e+00
1.442873087978282731e+00 1.293277850357781311e+00
1.659500151176696914e+00 1.037523265732430255e+00
9.697033317399718078e-01 5.492407945372766997e-01
7.114879522730269690e-01 5.293031812160795546e-01
7.733574156023030888e-01 4.257807446936417994e-01
8.406864547193012571e-01 5.380958571774421273e-01
6.732450290419044192e-01 7.761377495589165676e-01
5.455535665034340065e-01 6.871367372018015729e-01
1.123352721928200459e+00 1.434610003807955447e+00
1.380070738722845469e+00 1.400425936302317265e+00
1.341076796423576800e+00 1.514549543939633480e+00
1.251867433410681851e+00 1.418687280501419679e+00
1.366158169869966965e+00 1.151034144668801718e+00
1.509563618549836672e+00 1.211541723489436118e+00
9.469188951268868726e-01 4.337345257488326999e-01
1.083869678596417696e+00 4.237362291919289925e-01
1.169654367579216148e+00 1.542855032752527000e+00
1.037775050052321291e+00 1.581108511491051027e+00
1.120067934097649598e+00 3.353199056898243935e-01
1.248775257025051655e+00 6.288414713551554458e-01
1.020750600598256952e+00 1.675118766696254147e+00
8.294324395729891775e-01 1.408647108605214138e+00
1.194036118334326657e+00 5.040069450342556934e-01
9.109724515763084618e-01 1.522217624247051759e+00
1.324281276185180767e+00 4.503973873554303342e-01
1.100578124384930412e+00 6.194063193123638955e-01
7.693664947490554962e-01 1.608091080226351277e+00
9.794518934484062189e-01 1.386994743415988385e+00
1.411859900923125410e+00 5.505393711989804428e-01
1.067659353932808086e+00 5.236688631628344526e-01
1.156701584943826910e+00 9.064573564826581276e-01
9.407620232708151509e-01 7.603614823775022291e-01
8.071487384831356193e-01 1.510702919298411606e+00
6.275833576171498951e-01 1.497062585009619751e+00
7.223160739152898469e-01 1.438719152717747862e+00
5.859138093951212767e-01 1.323322527110912139e+00
7.365436071131596929e-01 1.283587690801741843e+00
1.516054284328282709e+00 5.221071952514797498e-01
1.378251082479171385e+00 6.895245040707849160e-01
1.311311989987469007e+00 5.501063014926182992e-01
1.166308202986343412e+00 7.555670219323543657e-01
8.851556774889022261e-01 6.517359263909995315e-01
9.969882999909119858e-01 6.630333146032618696e-01
1.472514680731278114e+00 7.357321821389198879e-01
1.435639568055798510e+00 9.293560190620545614e-01
1.374069811507554029e+00 8.173069339147334134e-01
1.294868510337383594e+00 9.337676887354917632e-01
1.280927865117274855e+00 7.502995376003960271e-01
1.368338698984338464e+00 1.029989626865817964e+00
1.193430431297411998e+00 1.087380680626377938e+00
1.240506487954901038e+00 8.456346243996908374e-01
1.212088948200352290e+00 9.894030728676793673e-01
1.083060697386461158e+00 1.015596814453207042e+00
1.039344390139799179e+00 1.203552113057575479e+00
1.011752076796535560e+00 8.880679520901528790e-01
1.095307694966842549e+00 1.117506941742371085e+00
1.183239652370807526e+00 1.229047260719508206e+00
9.487761659422118132e-01 1.083425341533548636e+00
1.054024467983109892e+00 7.809850110552020164e-01
8.155715695547691713e-01 9.135372933387847505e-01
1.263428945972537187e+00 1.163615847215083487e+00
1.176707088922773092e+00 1.338648968600123501e+00
9.843806343735870268e-01 9.870736565386014627e-01
9.086013167019567627e-01 8.618234941528624127e-01
8.039725734693486947e-01 7.831373378259554041e-01
3.063306727445175848e-01 4.241212891252128525e-01
6.872040962080845361e-01 1.544397432560591921e-01
1.798242904641511819e+00 1.419072416657744862e+00
1.481762425481356171e+00 1.762048811171700091e+00
1.036194093469811728e+00 1.900834842139100811e+00
1.151890929488458282e+00 1.113253853332973331e-01
3.484505609984029917e-01 1.527614332540657482e+00
1.527614332540657038e+00 3.484505609984036023e-01
5.111438290242358296e-01 4.142884125402101492e-01
8.694939308680945667e-01 2.483308004810283742e-01
1.599949777224176861e+00 1.471273470921514948e+00
1.283935012610194493e+00 1.708109686559786677e+00
8.918400906643896286e-01 1.755208483531709218e+00
1.262813028543206872e+00 2.837823434083051599e-01
3.990102879507420042e-01 1.355772097104414931e+00
4.742423167683154084e-01 9.477560488537759564e-01
2.672810847712908666e-01 8.527395598461338100e-01
2.944567737968064036e-01 7.438811876718527394e-01
1.584088751533928585e+00 9.203652866943416999e-01
1.747324416046196260e+00 9.917016176601527455e-01
1.743375509246024357e+00 1.103831316676646468e+00
7.176083472845717903e-01 1.699273092260255913e+00
6.245375758611800832e-01 1.619563590578023460e+00
1.029212867911285745e+00 1.477862361127109780e+00
5.216233568565910028e-01 1.516266406127931177e+00
5.702899443808140401e-01 1.146554510355927148e+00
6.751354784403480469e-01 1.356173936429544868e+00
8.835193069727695914e-01 1.226829845380339457e+00
3.743341937013410226e-01 9.899984439837916650e-01
4.506396144902801715e-01 8.574635961365144610e-01
5.477708461913014526e-01 8.803043506011443142e-01
5.990832289805536615e-01 1.010041813000426947e+00
5.033801873478866984e-01 1.061149000163385647e+00
7.392755513579791771e-01 1.110904096086908543e+00
6.469123053965718517e-01 1.091422822336988174e+00
7.151548062145400841e-01 9.965699756459084346e-01
6.730446483712388961e-01 1.196219696515438802e+00
7.066062590989425907e-01 8.839951012915308048e-01
1.514456064245869982e+00 1.000679222320823181e+00
4.730113783147462114e-01 1.161795665261370791e+00
9.715488575265720517e-01 1.282915950978984254e+00
8.312847492337346322e-01 1.310244639711376946e+00
7.879535799420238629e-01 1.198037615552864255e+00
1.656823164320427033e-01 9.519992331332597368e-01
1.826065761031596013e+00 8.734874346743151108e-01
8.358465985333614068e-01 1.034805268785934818e+00
