2.000000000000000000e+00 1.000000000000000000e+00
1.996584493006669847e+00 1.082579345472332255e+00
1.986361303402722323e+00 1.164594590280733977e+00
1.969400265939330374e+00 1.245485487140799208e+00
1.945817241700634526e+00 1.324699469204683400e+00
1.915773326655057396e+00 1.401695424652969368e+00
1.879473751206488963e+00 1.475947393037073452e+00
1.837166478262528546e+00 1.546948158122426698e+00
1.789140509396393686e+00 1.614212712689667928e+00
1.735723910673131698e+00 1.677281571625741208e+00
1.677281571625741208e+00 1.735723910673131698e+00
1.614212712689667928e+00 1.789140509396393686e+00
1.546948158122427142e+00 1.837166478262528546e+00
1.475947393037073674e+00 1.879473751206488963e+00
1.401695424652969590e+00 1.915773326655057396e+00
1.324699469204683622e+00 1.945817241700634526e+00
1.245485487140799208e+00 1.969400265939330374e+00
1.164594590280733977e+00 1.986361303402722323e+00
1.082579345472332477e+00 1.996584493006669847e+00
1.000000000000000000e+00 2.000000000000000000e+00
9.174206545276677449e-01 1.996584493006669847e+00
8.354054097192661343e-01 1.986361303402722545e+00
7.545145128592009032e-01 1.969400265939330374e+00
6.753005307953166003e-01 1.945817241700634526e+00
5.983045753470307426e-01 1.915773326655057396e+00
5.240526069629264372e-01 1.879473751206488963e+00
4.530518418775733025e-01 1.837166478262528546e+00
3.857872873103321831e-01 1.789140509396393686e+00
3.227184283742591253e-01 1.735723910673131698e+00
2.642760893268684130e-01 1.677281571625741208e+00
2.108594906036065364e-01 1.614212712689667928e+00
1.628335217374714539e-01 1.546948158122426698e+00
1.205262487935110371e-01 1.475947393037073674e+00
8.422667334494271518e-02 1.401695424652969812e+00
5.418275829936536336e-02 1.324699469204683622e+00
3.059973406066962553e-02 1.245485487140799430e+00
1.363869659727767747e-02 1.164594590280733977e+00
3.415506993330152952e-03 1.082579345472332699e+00
0.000000000000000000e+00 1.000000000000000222e+00
3.415506993330152952e-03 9.174206545276679670e-01
1.363869659727756645e-02 8.354054097192662454e-01
3.059973406066951451e-02 7.545145128592011252e-01
5.418275829936525234e-02 6.753005307953166003e-01
8.422667334494249314e-02 5.983045753470308536e-01
1.205262487935109261e-01 5.240526069629265482e-01
1.628335217374712318e-01 4.530518418775734135e-01
2.108594906036063144e-01 3.857872873103321831e-01
2.642760893268681910e-01 3.227184283742591253e-01
3.227184283742585702e-01 2.642760893268687461e-01
3.857872873103319611e-01 2.108594906036065364e-01
4.530518418775730805e-01 1.628335217374714539e-01
5.240526069629258821e-01 1.205262487935112592e-01
5.983045753470301875e-01 8.422667334494271518e-02
6.753005307953163783e-01 5.418275829936536336e-02
7.545145128592009032e-01 3.059973406066962553e-02
8.354054097192654682e-01 1.363869659727767747e-02
9.174206545276673008e-01 3.415506993330152952e-03
9.999999999999997780e-01 0.000000000000000000e+00
1.082579345472332477e+00 3.415506993330152952e-03
1.164594590280733311e+00 1.363869659727756645e-02
1.245485487140798764e+00 3.059973406066951451e-02
1.324699469204683400e+00 5.418275829936525234e-02
1.401695424652969590e+00 8.422667334494260416e-02
1.475947393037073008e+00 1.205262487935107041e-01
1.546948158122426698e+00 1.628335217374712318e-01
1.614212712689667706e+00 2.108594906036063144e-01
1.677281571625740542e+00 2.642760893268678579e-01
1.735723910673131254e+00 3.227184283742585702e-01
1.789140509396393242e+00 3.857872873103319611e-01
1.837166478262528546e+00 4.530518418775730805e-01
1.879473751206488741e+00 5.240526069629258821e-01
1.915773326655057396e+00 5.983045753470300765e-01
1.945817241700634526e+00 6.753005307953162673e-01
1.969400265939330374e+00 7.545145128592007921e-01
1.986361303402722100e+00 8.354054097192653572e-01
1.996584493006669847e+00 9.174206545276671898e-01
2.769449298291172257e-01 5.691526961651781624e-01
1.831477524196441498e-01 6.006652693974433577e-01
2.600168887575919907e-01 4.716622136185018577e-01
5.109148437093208317e-01 3.149936178270482667e-01
1.595163017047243503e+00 1.595163017047243725e+00
4.560179387967529530e-01 1.642278405997447344e+00
1.647760623602889385e-01 1.104110555253401849e+00
1.762261570698813173e-01 8.272727889830344683e-01
3.898180206687498761e-01 3.898180206687504312e-01
5.345740760097064115e-01 2.189145176613021826e-01
8.272727889830340242e-01 1.762261570698803737e-01
1.756164558871349035e+00 6.303336725796463424e-01
1.823773842930118239e+00 1.172727211016965754e+00
1.723055070170882441e+00 1.430847303834821727e+00
1.693825905163328205e+00 1.587640565964249850e+00
1.587640565964249850e+00 1.693825905163328205e+00
1.305960155152880109e+00 1.784108676893949585e+00
3.570708353782296451e-01 1.642929164621770299e+00
8.272727889830348014e-01 1.823773842930118461e+00
6.303336725796465645e-01 1.756164558871349035e+00
4.716622136185016356e-01 1.739983111242407787e+00
9.153756565960360914e-02 1.037574284222281484e+00
2.438354411286501877e-01 1.369666327420353991e+00
1.101123330882549933e-01 1.186589822125609484e+00
9.774328525493848618e-02 8.875338177942180273e-01
1.285602160208019762e-01 7.405611356392725053e-01
4.070499869737020937e-01 2.999052425362910279e-01
6.863189282259093416e-01 1.961043096197979119e-01
8.875338177942173612e-01 9.774328525493797271e-02
1.172727211016965310e+00 1.762261570698819557e-01
1.847039083693756467e+00 6.694843239152846737e-01
1.543982061203247547e+00 3.577215940025518792e-01
1.702292545330739149e+00 4.985727604386895329e-01
1.871439783979197857e+00 1.259438864360727495e+00
1.840968605949291348e+00 9.652172811692568688e-01
1.902256714745061306e+00 1.112466182205781973e+00
1.816852247580355684e+00 1.399334730602556531e+00
1.441719752594432080e+00 1.741301393475769510e+00
1.259438864360727717e+00 1.871439783979197635e+00
7.405611356392726163e-01 1.871439783979197635e+00
1.034782718830743020e+00 1.840968605949292014e+00
8.875338177942176943e-01 1.902256714745061750e+00
1.529609163062431443e-01 1.330515676084714993e+00
2.977074546692609625e-01 1.501427239561310634e+00
7.382170549274499338e-01 1.206865877031111089e-01
1.035660462116684721e+00 1.378095180049660196e-01
1.259438864360727495e+00 1.285602160208022537e-01
1.642929164621770299e+00 3.570708353782287570e-01
1.441719752594431858e+00 2.586986065242299349e-01
1.788142741928336221e+00 5.303688620611484161e-01
1.844561808450724927e+00 8.229140109787218549e-01
1.402942797735724056e+00 1.824232666865954533e+00
1.112466182205782195e+00 1.902256714745061084e+00
2.118572580716638343e-01 1.469631137938851140e+00
1.113482336085003022e+00 8.959121996064479954e-02
1.533111421270146657e+00 2.533309971028789853e-01
1.402942797735723834e+00 1.757673331340453005e-01
1.910408780039354770e+00 8.865176639149964233e-01
1.997792978329510916e-01 5.231719598895845369e-01
3.703074184011888037e-01 5.027265153445137358e-01
1.637218115179498445e+00 1.495966766930727720e+00
1.658679797781997145e+00 1.658679797781997145e+00
3.979632742503781961e-01 1.710823418902992499e+00
5.583482659048194519e-01 1.675998303239994991e+00
7.563958345963930907e-02 1.115221405761236850e+00
2.534746686498080548e-01 1.222250220546085453e+00
2.217589416007706427e-01 9.678117117269985359e-01
6.928183465452546208e-02 9.615052119343581172e-01
8.831165119885524273e-02 8.088390555774871427e-01
1.322099493043287222e-01 6.613872714650717022e-01
2.474980918397450269e-01 7.063728442776957550e-01
4.592208276465488681e-01 2.411589295922336729e-01
6.230968133665933939e-01 2.916655777335337429e-01
1.911688348801144688e+00 1.191160944422512857e+00
1.804725755032603463e+00 1.066681477186978588e+00
1.791116090299601504e+00 1.478080996490160004e+00
1.725622291116490237e+00 1.283138696604956053e+00
1.867790050695671056e+00 1.338612728534928298e+00
1.488350732439056356e+00 1.636637438412337886e+00
7.378104642927900692e-01 1.763732026026320066e+00
1.159843550122126477e+00 1.762328846604044541e+00
8.088390555774868096e-01 1.911688348801144688e+00
9.333185228130216338e-01 1.804725755032604573e+00
1.072114748002072071e-01 1.265794659998736638e+00
4.058646850565274522e-01 1.539255870064485165e+00
8.095918443696727973e-01 8.784506926819421468e-02
9.393768114984769602e-01 1.999259441289855110e-01
1.594135314943472936e+00 4.607441299355141684e-01
1.287397849404318784e+00 2.821257606988761268e-01
1.837500793588792147e+00 5.914974857763640737e-01
1.760709889571195008e+00 7.448252955903222894e-01
1.337947003662390388e+00 1.868374174019759915e+00
1.032466104294474718e+00 1.923781391676565145e+00
1.191160944422513079e+00 1.911688348801144688e+00
1.624992064112079637e-01 1.408502514223635593e+00
1.192037752145774121e+00 8.818675972560816034e-02
1.602867296898189409e+00 2.894840566746172406e-01
1.337947003662390166e+00 1.316258259802399189e-01
1.923640607508006806e+00 9.681775803667207470e-01
2.224576855190148195e-01 1.294245283393726798e+00
3.392476428795470622e-01 1.301881931756341926e+00
1.881307230974478550e-01 1.178943049123537978e+00
2.817265096412344683e-01 1.108671851042537959e+00
1.690457854781419467e-01 1.025834685526719303e+00
1.740173268302587228e-01 9.056338978696768516e-01
2.853588562111822879e-01 8.695606893402696436e-01
1.794319331836176312e+00 1.245375501383557015e+00
1.706846171898961817e+00 1.167615236279279101e+00
1.750588030357290492e+00 1.357449221977423237e+00
1.633566340489487567e+00 1.355415349077575549e+00
1.229031351163659247e+00 1.799185196179239776e+00
1.246286354736960256e+00 1.683424765158209935e+00
1.111288234392140195e+00 1.823873331583066637e+00
1.048986126871370717e+00 1.724794272559681430e+00
1.247758027619511267e+00 2.100148485976429946e-01
1.159690083872995547e+00 3.053769366962384990e-01
1.360849884048287439e+00 2.459804016546390804e-01
1.381201371439565451e+00 3.800419374074796020e-01
5.237020431554995081e-01 4.710931614317858118e-01
4.201911194575128627e-01 6.716623508322531189e-01
7.762784927020247583e-01 3.243145149177836251e-01
1.494396436965896857e+00 1.493929229882674514e+00
6.934253532524080610e-01 1.627108463291071505e+00
8.567524825137564637e-01 1.683178737589022367e+00
5.485847230246974071e-01 1.533496174991327621e+00
1.600089305727128819e+00 6.172533308696178667e-01
1.703293365586693975e+00 8.905439380380918424e-01
3.882196080483829026e-01 1.416173084240840430e+00
3.642554786378365828e-01 9.903423812795139058e-01
2.530099738363343898e-01 7.910799562360745218e-01
3.446117166871766058e-01 7.425865566614208158e-01
3.234888977849001979e-01 6.509104809795049906e-01
5.175206079935985581e-01 8.511123568565001074e-01
3.872317834418494420e-01 5.895618517484164656e-01
4.453074891928071599e-01 7.741594417361926661e-01
4.561115498199582730e-01 5.310700970015033162e-01
6.041701125643210712e-01 6.298496936469180074e-01
5.431032099043797690e-01 5.610308712437455103e-01
6.981221393354910543e-01 4.805290820278255159e-01
5.120326703742867913e-01 6.501050497567526509e-01
6.323352484991056066e-01 5.433536469929990398e-01
5.820188239951797904e-01 7.487728450935356994e-01
7.849170883942993004e-01 6.372733480459221722e-01
6.954400332694585796e-01 6.117356777850991856e-01
7.079220070461456071e-01 7.375227096321925746e-01
1.364231217821008979e+00 1.644058152644333637e+00
1.046142016724422863e+00 2.597369806709712847e-01
1.474440579230394954e+00 4.552946869692386933e-01
5.845167916401525776e-01 3.875378863259817397e-01
6.859082067295967367e-01 3.726401975191401261e-01
7.061036230091745081e-01 2.778877171205995644e-01
8.655347889471255440e-01 2.722258288922669300e-01
9.201418874875119114e-01 4.683142112145169955e-01
8.671065883514468275e-01 3.774358510113579035e-01
1.565392403787688735e+00 1.524028576865828821e+00
1.565142384625659355e+00 1.425838784030506678e+00
1.400048876355359129e+00 1.325104420407207995e+00
1.520246635525690060e+00 1.313765385118945472e+00
6.879833840063764860e-01 1.704397916048175032e+00
7.695410124020291009e-01 1.671304097012949130e+00
8.357693739150680035e-01 1.511093019083855848e+00
8.236789342603453301e-01 1.599889392315572145e+00
7.439908969032694719e-01 1.543817837355194511e+00
9.839281114966028641e-01 1.576487487121101649e+00
6.461424608503628653e-01 1.541408705770475951e+00
9.076815373628068784e-01 1.614743911388713871e+00
9.811784083551841062e-01 1.666116658003304885e+00
6.128911563096141046e-01 1.615647866013082190e+00
6.124379200404164170e-01 1.351593150855619596e+00
1.076750396830710388e+00 1.624191914794485436e+00
6.043815940161837430e-01 1.450923815600884792e+00
7.451182761759413964e-01 1.401918435635515214e+00
1.121221958418539222e+00 1.423502021150793828e+00
4.956510239711664489e-01 1.437589051717566013e+00
6.967932202925206653e-01 1.472488676302507571e+00
1.072650593217786996e+00 1.518011175533686474e+00
8.704504750403422308e-01 1.759439078117430943e+00
5.244509810429774932e-01 1.606735238964954515e+00
1.627868543786839206e+00 5.378286884534826395e-01
1.524439514530672612e+00 5.462240717851328808e-01
1.426945081050766451e+00 7.258607029018147028e-01
1.499265162250613903e+00 6.488361201791961186e-01
1.381576048933450540e+00 5.655687302764583757e-01
1.449276791084519900e+00 5.283424251227869517e-01
1.374661226795050650e+00 4.728189202171673156e-01
1.201419032221184624e+00 5.323673977227686427e-01
1.258978442958214261e+00 4.180450635892004607e-01
1.295854394228551199e+00 5.253269118022162454e-01
1.274388802523376718e+00 6.824736139067695273e-01
1.253914379509889931e+00 5.996374854022019640e-01
1.099509052961108235e+00 6.660124271148042396e-01
1.168001646942848692e+00 6.125630764181048127e-01
1.184159429645991191e+00 7.038779875785893259e-01
1.049430851272233012e+00 5.312302435740815509e-01
1.270052036647859373e+00 8.650736687238986811e-01
1.248258679066349464e+00 7.732045480655755920e-01
1.069695769029295640e+00 8.462144128382658170e-01
1.337680542504654735e+00 7.498295153838653304e-01
1.108249464262994533e+00 7.600256760507011489e-01
1.171349410899525489e+00 8.399685926231381661e-01
1.419172094675763107e+00 8.751162768946496584e-01
9.333496332188722100e-01 7.335072238133809597e-01
1.172872517507741463e+00 1.040561570158155646e+00
1.017127867589536994e+00 7.709826601120368661e-01
1.126514417612091590e+00 9.406112969076546593e-01
9.075728416160278034e-01 9.035155054374621741e-01
9.440001754231138742e-01 8.220803572281815130e-01
8.141241111216214188e-01 8.128494322736521394e-01
1.672495217176804827e+00 6.909913917228834856e-01
1.670501242501380101e+00 7.934520390496447861e-01
1.561143661939763838e+00 8.844704188215016805e-01
1.568770652121663112e+00 7.402225460097227039e-01
1.760637366299837803e+00 8.289677618632106393e-01
1.740347135596673978e+00 9.864804931564814527e-01
1.712274895941423791e+00 1.074953899801336599e+00
1.628499256577770726e+00 9.745557721438717902e-01
1.564863592202253129e+00 1.112807248413454797e+00
3.070786842851263021e-01 1.420702138759430522e+00
2.980065997209388473e-01 9.474581146347800242e-01
3.794474996758064322e-01 8.942595558908088549e-01
4.753523794004594349e-01 9.586658880769522995e-01
5.073684951720047742e-01 7.275682729266597093e-01
6.560293732041547754e-01 8.669114403304707395e-01
6.409564373010285809e-01 6.982263063027415173e-01
1.362044238946827024e+00 1.725295945372785411e+00
1.421626451141979830e+00 1.562328559748434431e+00
1.262718944264703769e+00 1.511752462330562707e+00
1.381202616895512714e+00 1.446412052348822641e+00
1.334236350000905569e+00 1.561976108910671845e+00
1.093764454204445347e+00 1.942288369440541007e-01
1.463260393135765725e+00 3.737583785373417289e-01
9.598112134405131224e-01 3.234341255683652050e-01
8.090127063547839503e-01 4.722530995206709603e-01
7.615589654384551377e-01 5.495933866445752436e-01
7.614219508706253636e-01 4.051926308295518697e-01
8.678124878622778260e-01 5.615591859618676018e-01
1.612098386459758226e+00 1.238841531548801278e+00
1.155567397870480351e+00 1.670841198176220121e+00
1.163413882310879055e+00 1.567676183198776219e+00
4.761960968698053520e-01 1.510888066549806563e+00
4.640284397516217796e-01 1.316052754090355270e+00
9.564388374181737040e-01 1.438235000134403752e+00
1.415403921412345278e+00 6.425607015312143622e-01
1.225866459809722420e+00 9.552565132712877993e-01
1.338912382469725992e+00 9.547280754747619058e-01
1.282832410102474396e+00 1.049758596767598640e+00
1.013243480880861247e+00 9.444921058770922029e-01
1.594992766564151676e+00 8.139345910965478659e-01
1.494806047518907777e+00 8.092462177231245501e-01
1.448156929016289451e+00 1.192327923178645888e+00
1.501018000218322213e+00 9.996486672460730416e-01
3.772253886778197396e-01 8.149329366476874004e-01
5.905790459936645087e-01 8.256621782509924179e-01
5.804748822627268101e-01 9.142442307582289152e-01
7.084268180883235289e-01 1.034518278607020614e+00
6.602338439355274202e-01 9.575907280408800792e-01
7.582373579652902373e-01 9.076095425061747601e-01
5.684358929479905731e-01 1.068659150384250633e+00
1.467531602408900460e+00 1.397706270387732763e+00
1.259238440070249876e+00 1.365346006500663512e+00
1.065322850976600844e+00 3.760854256828549125e-01
9.595099348960418606e-01 5.517139010826600520e-01
9.225226166224342883e-01 6.391702891588129098e-01
1.014941543066134599e+00 6.267067911651329482e-01
1.627795154882093032e+00 1.161090331318558544e+00
1.181723141504175789e+00 1.484057340396805147e+00
1.245154447655012264e+00 1.596693797508892176e+00
1.039769938373522384e+00 1.441376935902728418e+00
1.004090155530993789e+00 1.281050142349491106e+00
1.062865951513928486e+00 1.352103494866802036e+00
1.160599828976376369e+00 1.211420857990420430e+00
1.163002316941257330e+00 1.329806509670507619e+00
1.092074627615973403e+00 1.268105350870152082e+00
1.024922824608175853e+00 1.117164452126735208e+00
1.079590425094016037e+00 1.183251456541336788e+00
1.110774442336708523e+00 1.101801634575048983e+00
1.053358803132886212e+00 1.028509916443822059e+00
9.274858451931420333e-01 1.037023807484757310e+00
9.997026836357858492e-01 8.713616562427793921e-01
1.526648023000681809e+00 1.227849017540290300e+00
1.455492676657201168e+00 1.270089426327803084e+00
1.369593404668764336e+00 1.238966096622533763e+00
1.357925462936024230e+00 1.129820571861080536e+00
1.424515951835473526e+00 9.607659732662883201e-01
1.423270214877242479e+00 1.057917551291295943e+00
8.324097510358863250e-01 8.874940149113864640e-01
8.519703903152900937e-01 9.800478923262960773e-01
8.171678674608771065e-01 1.104706666850071350e+00
5.503597284992095551e-01 9.895730678111267498e-01
4.829991174695771328e-01 1.046578035368405324e+00
4.933865198628266668e-01 1.182714410456927379e+00
1.338932248645475553e+00 1.377727174690270173e+00
1.160483245393982843e+00 4.047607743136992231e-01
1.092756034818226585e+00 4.572818420845019549e-01
1.005098310157356067e+00 4.416655330586635175e-01
1.220767155435383833e+00 1.129872217114365140e+00
1.265053885998821182e+00 1.225517688244233350e+00
1.354551289854653451e+00 1.028019382711605756e+00
7.722510640852706665e-01 9.863392593504771710e-01
1.308944236910411174e+00 1.297378174637054071e+00
3.045272844539564927e-01 3.984022433847366207e-01
6.047637040004151254e-01 1.697046133103989884e-01
1.526507917058373076e+00 1.753917483620295981e+00
2.921362059940845746e-01 1.586967637923128338e+00
9.715790003413179443e-01 8.087301986509676244e-02
1.707863794005914926e+00 4.130323620768716619e-01
1.884024996028548671e+00 7.468163409099435324e-01
4.774913103228628497e-01 3.963050879706758178e-01
1.232241700714115762e+00 3.415239079904067721e-01
1.347121375307941182e+00 8.328348911971384938e-01
7.961813578669434399e-01 7.256168719284570301e-01
1.629565548448604684e+00 1.058817718139438924e+00
7.285904339778389582e-01 8.209123803709992284e-01
5.311322281456497540e-01 1.363475085109224549e+00
5.503107859365402588e-01 1.265149006834116907e+00
7.046775270145944070e-01 1.219753475942252141e+00
6.354505165639089403e-01 1.269506710363895952e+00
5.977856990476603238e-01 1.171494251440049261e+00
7.186438140088368121e-01 1.312224367631324995e+00
8.462499956105431487e-01 1.245661301858432823e+00
6.504472177719484716e-01 1.100858448562266556e+00
9.216702234265469196e-01 1.517007320042643936e+00
8.535186140104936703e-01 1.404132742011446888e+00
9.303809821993450635e-01 1.344520152703595262e+00
1.481973930741997680e+00 1.116557413672950139e+00
9.188965544794921447e-01 1.146770347736911333e+00
9.897795931021236004e-01 1.195964086496964729e+00
3.875873455073059470e-01 1.094559885264113852e+00
3.570199377841454802e-01 1.196729239005699164e+00
7.841966426969926296e-01 1.184986843782106725e+00
8.074335925266786784e-01 1.326844111127158943e+00
4.302380764573127125e-01 1.238711718594270872e+00
5.465764068904706008e-01 1.791430376273491110e+00
6.539487648370579942e-01 1.843921523554742592e+00
