2.000000000000000000e+00 1.000000000000000000e+00
1.997203797181180018e+00 1.074730093586424129e+00
1.988830826225128412e+00 1.149042266176174332e+00
1.974927912181823508e+00 1.222520933956314337e+00
1.955572805786140789e+00 1.294755174410904264e+00
1.930873748644204246e+00 1.365341024366395040e+00
1.900968867902419035e+00 1.433883739117558065e+00
1.866025403784438819e+00 1.500000000000000000e+00
1.826238774315994906e+00 1.563320058063621953e+00
1.781831482468029915e+00 1.623489801858733372e+00
1.733051871829826451e+00 1.680172737770919245e+00
1.680172737770919467e+00 1.733051871829826229e+00
1.623489801858733594e+00 1.781831482468029693e+00
1.563320058063622175e+00 1.826238774315994906e+00
1.500000000000000000e+00 1.866025403784438597e+00
1.433883739117558287e+00 1.900968867902419035e+00
1.365341024366395262e+00 1.930873748644204024e+00
1.294755174410904264e+00 1.955572805786140567e+00
1.222520933956314781e+00 1.974927912181823508e+00
1.149042266176174554e+00 1.988830826225128412e+00
1.074730093586424573e+00 1.997203797181180018e+00
1.000000000000000222e+00 2.000000000000000000e+00
9.252699064135759821e-01 1.997203797181180018e+00
8.509577338238258903e-01 1.988830826225128634e+00
7.774790660436858847e-01 1.974927912181823508e+00
7.052448255890959583e-01 1.955572805786140789e+00
6.346589756336054045e-01 1.930873748644204468e+00
5.661162608824423792e-01 1.900968867902419479e+00
5.000000000000002220e-01 1.866025403784438819e+00
4.366799419363782686e-01 1.826238774315995128e+00
3.765101981412668497e-01 1.781831482468030137e+00
3.198272622290807554e-01 1.733051871829826451e+00
2.669481281701738817e-01 1.680172737770919689e+00
2.181685175319705294e-01 1.623489801858733816e+00
1.737612256840053160e-01 1.563320058063622398e+00
1.339745962155615144e-01 1.500000000000000444e+00
9.903113209758107605e-02 1.433883739117558509e+00
6.912625135579586466e-02 1.365341024366395262e+00
4.442719421385943335e-02 1.294755174410904708e+00
2.507208781817649168e-02 1.222520933956315003e+00
1.116917377487158802e-02 1.149042266176175220e+00
2.796202818819870650e-03 1.074730093586424573e+00
0.000000000000000000e+00 1.000000000000000666e+00
2.796202818819759628e-03 9.252699064135764262e-01
1.116917377487136598e-02 8.509577338238260014e-01
2.507208781817626964e-02 7.774790660436861067e-01
4.442719421385910028e-02 7.052448255890964024e-01
6.912625135579553159e-02 6.346589756336054045e-01
9.903113209758063196e-02 5.661162608824423792e-01
1.339745962155609593e-01 5.000000000000006661e-01
1.737612256840048719e-01 4.366799419363783796e-01
2.181685175319698633e-01 3.765101981412669607e-01
2.669481281701732156e-01 3.198272622290811995e-01
3.198272622290803113e-01 2.669481281701739928e-01
3.765101981412656285e-01 2.181685175319708625e-01
4.366799419363773804e-01 1.737612256840055380e-01
4.999999999999995559e-01 1.339745962155616255e-01
5.661162608824409359e-01 9.903113209758129809e-02
6.346589756336042942e-01 6.912625135579597568e-02
7.052448255890952922e-01 4.442719421385943335e-02
7.774790660436845524e-01 2.507208781817660270e-02
8.509577338238247801e-01 1.116917377487158802e-02
9.252699064135753160e-01 2.796202818819870650e-03
9.999999999999988898e-01 0.000000000000000000e+00
1.074730093586423463e+00 2.796202818819759628e-03
1.149042266176173888e+00 1.116917377487136598e-02
1.222520933956313449e+00 2.507208781817615861e-02
1.294755174410903376e+00 4.442719421385898926e-02
1.365341024366394596e+00 6.912625135579553159e-02
1.433883739117557177e+00 9.903113209758040991e-02
1.499999999999999334e+00 1.339745962155609593e-01
1.563320058063621509e+00 1.737612256840048719e-01
1.623489801858732706e+00 2.181685175319695302e-01
1.680172737770918800e+00 2.669481281701731046e-01
1.733051871829826007e+00 3.198272622290802003e-01
1.781831482468029026e+00 3.765101981412656285e-01
1.826238774315994462e+00 4.366799419363772694e-01
1.866025403784438375e+00 4.999999999999995559e-01
1.900968867902418591e+00 5.661162608824408249e-01
1.930873748644204024e+00 6.346589756336042942e-01
1.955572805786140345e+00 7.052448255890944040e-01
1.974927912181823508e+00 7.774790660436845524e-01
1.988830826225128412e+00 8.509577338238247801e-01
1.997203797181180018e+00 9.252699064135752050e-01
2.424623374649608476e-01 5.996296557683640227e-01
1.748129414802261083e-01 7.112545598867453522e-01
2.230945246352853406e-01 5.118379353145385835e-01
4.410997880243514579e-01 3.505461711924502954e-01
1.649453828807549316e+00 1.558900211975647210e+00
1.485563646493286982e-01 9.040653424458022780e-01
1.071990867038812439e-01 7.607747162805367225e-01
1.528256136630364859e-01 6.303815936839305412e-01
3.373455843751157479e-01 4.297397645043478098e-01
4.551447165740409861e-01 2.617473066947438309e-01
7.170065916554156926e-01 1.912513038448077074e-01
1.725499720294035866e+00 5.441383120369912563e-01
1.851443635350671579e+00 1.095934657554198166e+00
1.757537662535038514e+00 1.400370344231636643e+00
1.738252693305256225e+00 1.544855283425957904e+00
1.648800554504096461e+00 1.648800554504096239e+00
1.400370344231636421e+00 1.757537662535038736e+00
1.912513038448068192e-01 1.282993408344584196e+00
1.485563646493292811e-01 1.095934657554198610e+00
8.309908965220136334e-02 9.656919885008853344e-01
1.970011303039635175e-01 8.124692765873939848e-01
3.464243704233448407e-01 3.464243704233455623e-01
5.914918586630326658e-01 2.270648738761254781e-01
7.625225150620699166e-01 1.137219605579746079e-01
1.032037942241000872e+00 1.437679678053558618e-01
1.811213486863828770e+00 5.712611543376625578e-01
1.455861687963007522e+00 2.745002797059631905e-01
1.605871159034330864e+00 3.941288409656683589e-01
1.738252693305255558e+00 4.551447165740415413e-01
1.901546540963959808e+00 1.170581808894044507e+00
1.841893620320230518e+00 8.407051326523553580e-01
1.873635525369088173e+00 9.673108649886397181e-01
1.825187058519773364e+00 1.288745440113254759e+00
1.519145445722593912e+00 1.703417100247216931e+00
1.366917945101655318e+00 1.840984863485678025e+00
1.095934657554198388e+00 1.851443635350672023e+00
3.105955106728434667e-01 1.508803668220632277e+00
1.590151365143219198e-01 1.366917945101655096e+00
1.137219605579741083e-01 1.237477484937929972e+00
6.303815936839293199e-01 1.528256136630370410e-01
9.021154058688459765e-01 1.312501988682280574e-01
1.102732170180421134e+00 8.822677147238747186e-02
1.544855283425957237e+00 2.617473066947437754e-01
1.282993408344583086e+00 1.912513038448076796e-01
1.428738845662336221e+00 1.887865131361702864e-01
1.825187058519773364e+00 7.112545598867441310e-01
1.923649163953029761e+00 1.034560513334018328e+00
1.918483743161337074e+00 8.965117364075528839e-01
1.847174386336963181e+00 1.369618406316069681e+00
1.491754864491606103e+00 1.782623383500572700e+00
1.226271743190199937e+00 1.844457641903003653e+00
1.034308011499115443e+00 1.916900910347798970e+00
7.782357643731128150e-01 1.827635394661218493e+00
4.911963317793679451e-01 1.689404489327157144e+00
3.818141012871965057e-01 1.618185898712803716e+00
2.230945246352858957e-01 1.488162064685462305e+00
9.654394866659807839e-01 7.635083604697022464e-02
1.237477484937928640e+00 1.137219605579744275e-01
1.892800913296118548e+00 7.607747162805351682e-01
1.171837265502130743e+00 1.908181788706309723e+00
9.021154058688464206e-01 1.868749801131771582e+00
6.969549094437651471e-01 1.866053111615799898e+00
5.914918586630335540e-01 1.772935126123875049e+00
2.994101324770100381e-01 1.602906331594851519e+00
3.970936684051492582e-01 1.700589867522990462e+00
8.281627344978699234e-01 1.908181788706309723e+00
5.082451355083946742e-01 1.782623383500572478e+00
1.711952048692655659e-01 5.611720860797370092e-01
3.264156098167335096e-01 5.350764107348233711e-01
1.679880414027139057e+00 1.463534617608750477e+00
1.710636974919220732e+00 1.611552566637926232e+00
7.461036585559736867e-02 8.910992887644078042e-01
1.771380923269054719e-01 1.000000000000000444e+00
3.315524664221559670e-01 7.299336728271329511e-01
3.888092130545584557e-01 2.887102219064859310e-01
5.428336340361226142e-01 3.211268245208384053e-01
1.793846927473070840e+00 5.011929154218626170e-01
1.643339345142526220e+00 4.869539922278022792e-01
1.796877686672357921e+00 1.186697153265625637e+00
1.553240991898029222e+00 1.603153611808353585e+00
2.967595375188190610e-01 1.371673436141774172e+00
1.150614540823698684e-01 1.309653389829607217e+00
1.977689583383172856e-01 1.183104000212492180e+00
6.909218771693259598e-01 1.145859497078356853e-01
8.224560525055824023e-01 2.010331538406138208e-01
1.513046007772196333e+00 3.566606548574734470e-01
1.498807084578136273e+00 2.061530725269284658e-01
1.357026401278608851e+00 2.586270386037466396e-01
1.739427834213918000e+00 6.491206011412302690e-01
1.931834466129835448e+00 1.105696992387829258e+00
1.821201976994715199e+00 1.439927155410435144e+00
1.437590092126536323e+00 1.829459003049576982e+00
1.294640757643401585e+00 1.763581494333840149e+00
1.710969294311450450e-01 1.438088063618834456e+00
1.035765365298834784e+00 6.287238589808413769e-02
1.312088908703336054e+00 1.220445040015469412e-01
1.147877263038725060e+00 2.184498696306462207e-01
1.174301570998408817e+00 7.879404353246691195e-02
1.104305727583330343e+00 1.931991224025537912e+00
9.953057012437340756e-01 1.818442324243415786e+00
6.966196433955959000e-01 1.760151454501248214e+00
2.450247876813954617e-01 1.556327021860152593e+00
7.566008351545755461e-01 1.905673325774728921e+00
2.826042763987386408e-01 9.163535598556861173e-01
2.499374920732760907e-01 7.478252257625949140e-01
2.761314485317604150e-01 6.722176598553721849e-01
3.093479213916950910e-01 8.237395311095198069e-01
3.765581969358144376e-01 6.312508846131148488e-01
1.598373458193841135e+00 1.284006030378682883e+00
1.552825694221761532e+00 1.475534181879552431e+00
2.800218888386468152e-01 1.442625325173548134e+00
3.912166244635033041e-01 1.431406155238142075e+00
2.287076824634386440e-01 1.345534108223108927e+00
3.006156206082749027e-01 1.259980689609473847e+00
2.757476256419067462e-01 1.081603644248562812e+00
1.515364267541893240e+00 4.846357324581063164e-01
1.387763671226598383e+00 3.828776524911320922e-01
1.617355766345023538e+00 6.119009609800948324e-01
1.102840595712287763e+00 1.611260697160747102e-01
1.042283312292470843e+00 2.550566527523427385e-01
1.210743450160691514e+00 1.815423912927278671e-01
1.232797940159602978e+00 2.911039651934763106e-01
2.131193673907187947e-01 9.370551373418665175e-01
2.692719951390559197e-01 9.985676614656889827e-01
4.325659425913568890e-01 9.828602189122020993e-01
3.550489222585914151e-01 1.033648771247752229e+00
1.662685622482769299e+00 1.363074552143325402e+00
1.618911018573588656e+00 1.496618837897310872e+00
1.607310796322678481e+00 1.418869788747477934e+00
1.488363663373720058e+00 1.359024326793187409e+00
2.151963618806793099e-01 1.115788652990882479e+00
2.857025127635964834e-01 1.169955711129176290e+00
1.541391147526357530e+00 4.201557209501328161e-01
1.459024298393414742e+00 4.244017357912067689e-01
1.344285584058322103e+00 5.393998073985943886e-01
1.386564288844454262e+00 4.668441534401832627e-01
1.441091409059226836e+00 5.472133817515094645e-01
1.246796160555278865e+00 4.339961339605215018e-01
1.322902830480211067e+00 4.239429929686728271e-01
1.312397147624082328e+00 3.355946971575145543e-01
1.398789850608191054e+00 3.142227638520918576e-01
1.656982681560273063e+00 5.549664336298402167e-01
1.575788556197645462e+00 5.407122305573908161e-01
1.512373926977785832e+00 6.254700754113282635e-01
3.818695152853178731e-01 8.948495161153229294e-01
4.905657671658972818e-01 1.155933793988181080e+00
1.709406488169609606e+00 1.259383947948608196e+00
1.382269999540584271e+00 6.723859574327297750e-01
3.439143956860749585e-01 9.595062744905517027e-01
5.748887620826235167e-01 8.422720420959750598e-01
3.905901933181946672e-01 1.198828225404339198e+00
4.388542291846149190e-01 1.077008048779888982e+00
1.730035954786824703e+00 1.331050199111115218e+00
1.388211742670327764e+00 5.987710765039148120e-01
1.287083947934288597e+00 6.276558902313040811e-01
4.852786316270144562e-01 8.938897808500001485e-01
3.645131508349146454e-01 1.118025768193066094e+00
4.325983495705742476e-01 7.892377975981239580e-01
6.189000631014077713e-01 1.022269110298906769e+00
3.768392210083471028e-01 8.274440622246000965e-01
5.022503257223550621e-01 8.197612431108205477e-01
5.255751929583328819e-01 6.718040818364606759e-01
5.626048815505579892e-01 7.534587849148195460e-01
5.351621936731059126e-01 1.070311187652828844e+00
5.707420207648330468e-01 9.386651291785464979e-01
4.883934063110891843e-01 7.378893649057981508e-01
4.111866346027254204e-01 7.099843016979684451e-01
6.996521222185463351e-01 6.420853981099186036e-01
6.590609233316212512e-01 1.189268984126525375e+00
7.386747245255174121e-01 8.976037005125132584e-01
6.165134997256327409e-01 6.797880310855699548e-01
5.796941686871215360e-01 1.147930910081497169e+00
6.606743285475643601e-01 9.425339337554499153e-01
5.862547352677394130e-01 5.025475836786135186e-01
7.082288494343790264e-01 7.715144709025580916e-01
6.539819650709535193e-01 1.102161427634419377e+00
7.211393816330935458e-01 1.025022959038001558e+00
7.740198040106833766e-01 1.138864258738786495e+00
5.487945503506339584e-01 1.304115290475325262e+00
6.619631308337903253e-01 8.546005659056564729e-01
6.246425421151114987e-01 5.871970930079923878e-01
6.368158436925155375e-01 7.512034921357159112e-01
7.221874119872989661e-01 1.093738530864429626e+00
7.986818897998478883e-01 1.058206080805333293e+00
9.400144309451525793e-01 1.145519425917652878e+00
8.578904435522833882e-01 1.120409153477551323e+00
9.467905431695765595e-01 9.765081613575049557e-01
8.511143313278592970e-01 1.289420418037699578e+00
9.212239391359002827e-01 1.060124596517601603e+00
8.323238395186067784e-01 1.204025588637648081e+00
1.093306662991155420e+00 1.067023851734479667e+00
7.395120515186390797e-01 1.269212894668624969e+00
1.006359944471775458e+00 1.086155825106380313e+00
5.413763818241761339e-01 1.221498884853591926e+00
4.568775429894036955e-01 1.270727321351527550e+00
5.314808908226384965e-01 5.784160604583776788e-01
7.667161917658582571e-01 4.717389235460470731e-01
1.086282026891409291e+00 1.242233852834172536e+00
4.725219827397980632e-01 1.370875858872051101e+00
4.594447699620423653e-01 6.207413638392803579e-01
4.398866770544194726e-01 5.049901285115553362e-01
7.108303957846303645e-01 5.481116605528421060e-01
1.025839605186290804e+00 1.174682635387516161e+00
3.844685956638604352e-01 1.333334690369180286e+00
6.378452235930778258e-01 1.482804040638236120e+00
6.720378879858668331e-01 4.610916189503938001e-01
8.842725945539247068e-01 6.163944924135116299e-01
9.722364810220239795e-01 1.283461271409931381e+00
5.055645111475379760e-01 1.500129705483490117e+00
5.698714084409808311e-01 1.405145363720664564e+00
5.921350218645535790e-01 4.052336349093200174e-01
7.344011657149103200e-01 3.328172570804940333e-01
7.885910624870157148e-01 6.050130749189022161e-01
4.625022617752088117e-01 1.442287735039054386e+00
4.136111967039527437e-01 1.523636704186762003e+00
6.530148688695990300e-01 1.335086444502960212e+00
5.694313024156776315e-01 1.474108301561537049e+00
5.878508039658689732e-01 1.602664357284559582e+00
5.121606744939282141e-01 4.492357452849435884e-01
6.690215030795463313e-01 3.803283498157729037e-01
6.544082254609879801e-01 2.914793457773768859e-01
8.463770464703455065e-01 5.270961231411377401e-01
8.229277746083367706e-01 7.242299387377553188e-01
4.804279525361316305e-01 1.593404294139029620e+00
6.440416433299501753e-01 1.408802662539065054e+00
7.597253897154480073e-01 1.385480203963730839e+00
7.129088803234959748e-01 1.451829294980013119e+00
8.627201778921032016e-01 1.507845862012744842e+00
7.259676522051283776e-01 1.589917043373679784e+00
7.951653179416954265e-01 1.460178551324733620e+00
8.559921732348408918e-01 1.385563578058263579e+00
7.892084115183194415e-01 1.540324331097096433e+00
8.878397063683379775e-01 1.664133902262114439e+00
8.066193671371875151e-01 1.627645577095547802e+00
8.978605640947207034e-01 3.680137139659033774e-01
7.660133962693929099e-01 6.760691131586775704e-01
9.140361222866609792e-01 1.334423387884728029e+00
1.040225297071972532e+00 1.419821051989181404e+00
9.436693376267549782e-01 1.426566932163888524e+00
9.883370407522831247e-01 1.360563012079243794e+00
1.077599895740626534e+00 1.334748106914398491e+00
8.740508654472073369e-01 1.586187426534871436e+00
9.687544512433029498e-01 1.532500097557179197e+00
8.094195176850720319e-01 1.730052072726332435e+00
7.335090592530005837e-01 1.678864133193537445e+00
8.480086962541798501e-01 4.397522128394052432e-01
7.833251842478057281e-01 3.946561656271496688e-01
9.912701924275151288e-01 4.861156404576644219e-01
8.244324130197990819e-01 3.118614326276417659e-01
9.126127259211316289e-01 4.846462599618893141e-01
9.505153577521829877e-01 5.617216428821286689e-01
1.114931353757679489e+00 6.015615307558797031e-01
1.037951355584961988e+00 5.600660542297816180e-01
1.118512457137987637e+00 4.575029597958200078e-01
1.006173652131802987e+00 7.111703533987181469e-01
1.104251382072148902e+00 5.292222447453902578e-01
1.194404019466844602e+00 5.098711940543195764e-01
9.616398016985773234e-01 6.426672314145841503e-01
1.044370565288279318e+00 6.403096584229738264e-01
9.148440706654010768e-01 7.218163958277291625e-01
1.145266350327376781e+00 7.404219798585121026e-01
1.258191804330016872e+00 1.305031489763243568e+00
9.062609205442833105e-01 1.765654630758659582e+00
6.378236276649844605e-01 1.684454785206486616e+00
9.259786329693729945e-01 2.551591033762634630e-01
1.272647318968717745e+00 5.078725582823054863e-01
9.753229878732313507e-01 8.435798463927586255e-01
1.163996279085030672e+00 1.296191577339752099e+00
8.511685532307753377e-01 1.815070267664368631e+00
1.008511836037284892e+00 1.694669268027333642e+00
6.586864030943453407e-01 1.615546350006184406e+00
5.650428350349777640e-01 1.702714648190624791e+00
9.669595889755386864e-01 7.718324598821268978e-01
1.062142778672917398e+00 7.903564235430504681e-01
8.713776636486658678e-01 8.193353291960777662e-01
1.201583935036251161e+00 1.159110795011500272e+00
1.196810359485070308e+00 1.452814280017742155e+00
9.736138566494699775e-01 1.753536831967010157e+00
1.055440306707247755e+00 1.762267416491434036e+00
1.160758719748282486e+00 1.639063929942919273e+00
1.091932103099103157e+00 1.686845236592895425e+00
1.041762278580963041e+00 1.600559547031348506e+00
1.183313759092961437e+00 1.745014679591620377e+00
1.193939797685102500e+00 9.155996439917203356e-01
1.217059268709417941e+00 1.237047816658129129e+00
1.357801054080347569e+00 1.168596923547504440e+00
1.301741246674881891e+00 1.232247372485876680e+00
1.411083378881438088e+00 1.272037477455247201e+00
1.112888959555372148e+00 1.157610446765710899e+00
1.124852479966296448e+00 1.406253562271724933e+00
1.106589617680757254e+00 1.513362634390113870e+00
1.204636058323229619e+00 1.369425918554953991e+00
1.335463554636568961e+00 1.423764997789623177e+00
1.261642438300485614e+00 1.416837150615162244e+00
1.287358862094214462e+00 1.539582501046541374e+00
9.618752171867293033e-01 1.625263005804467475e+00
1.123620088813820139e+00 1.785089635677399311e+00
1.075015650008478207e+00 9.087784277293008417e-01
1.145368085920934087e+00 8.347445494859061510e-01
1.287028226947056986e+00 7.874304162749150571e-01
1.208325107859253622e+00 7.875153048500126429e-01
1.226650211370371890e+00 6.972126485833075593e-01
1.157399638332390124e+00 6.650277154109911493e-01
1.197116802795686885e+00 5.925091645852822442e-01
1.700460893287648600e+00 7.931547412405157704e-01
3.123041165045791212e-01 6.035924186882893894e-01
1.614664952559671685e+00 1.056397338392649710e+00
7.310855672718745701e-01 1.197240104917099979e+00
3.940113167562117047e-01 5.609926493143655435e-01
3.743432507592750480e-01 4.868141109821135237e-01
4.129653695886717490e-01 4.212490599512450640e-01
3.699883487721665754e-01 1.265283137714155348e+00
9.131951496368059251e-01 1.224518505645343369e+00
7.640560931884896601e-01 2.573218448785589696e-01
6.184325081130644941e-01 1.260618475638858316e+00
5.046546465916710300e-01 3.797121317047525979e-01
7.194473231716620454e-01 1.332591915912612057e+00
9.841965864544872655e-01 3.295944396574767565e-01
1.090450030711486384e+00 3.524947706053773722e-01
9.677087856672659250e-01 4.087600047277703541e-01
8.597325032527806110e-01 2.558001776629869051e-01
9.840862155127317878e-01 2.042984043947325690e-01
9.076922640837047362e-01 8.985895617811876512e-01
8.500727024383718522e-01 9.762708539069784308e-01
8.232345617587484288e-01 8.893415499563772642e-01
7.850783844187488869e-01 8.115445873918830655e-01
1.252206985898102420e+00 1.674972371809386518e+00
1.230063591131988820e+00 1.596964928826275498e+00
1.505497921437771724e+00 1.265980176282740510e+00
1.572743465985373623e+00 1.167784126149224999e+00
1.112401667385609194e+00 1.585380349941353240e+00
1.033755554595743975e+00 1.494723413357047948e+00
1.398907136248104033e+00 1.360676860510392494e+00
1.445464166192268474e+00 1.458847114991703497e+00
1.322745635397510222e+00 1.347530841716564343e+00
1.410900981742320148e+00 1.610678547498675117e+00
1.130441881773553758e+00 9.825517190320415262e-01
1.253430049013087411e+00 1.035607721563623462e+00
1.173476944380504428e+00 1.051869245612162773e+00
9.978560585414375517e-01 9.179428010088060974e-01
1.045389321212842448e+00 9.887444764260264751e-01
1.308157705048847763e+00 7.079767639901710652e-01
1.383853975254796476e+00 7.706433802330521221e-01
1.472974261652779004e+00 7.200652225236887638e-01
1.360529487219326761e+00 9.237439063100638670e-01
1.346581235237499730e+00 8.432919472889867096e-01
1.473791584399020804e+00 8.626721306432445502e-01
1.278364828479402249e+00 8.965539859606982409e-01
1.298975342089821128e+00 9.720123033669049173e-01
1.407249632499448344e+00 1.046706226036269616e+00
1.454589641321799132e+00 7.914763864890794753e-01
1.577574750743010679e+00 7.850664677409135983e-01
1.557964113582509302e+00 6.999614848747192086e-01
1.747280308216932143e+00 7.285331271046024959e-01
1.777074038273408707e+00 7.993906936472827685e-01
1.653305697877236247e+00 7.097185094779187020e-01
1.736609121456297533e+00 9.343834388827696458e-01
1.731479585417640799e+00 1.085596516309095261e+00
1.110715187377671720e+00 2.818528490091639083e-01
1.167965744737930134e+00 3.365041135508451964e-01
1.047261136466213660e+00 4.202903873956833625e-01
1.184268950699642442e+00 1.531618197647354851e+00
1.641021347064556268e+00 1.213664050737846889e+00
1.465265130713747421e+00 1.166305192724213846e+00
1.505614364786575399e+00 1.425567492813580861e+00
1.487897296364735222e+00 1.539555861815500526e+00
1.369848575105779842e+00 1.505945655485641632e+00
1.344837170476806065e+00 1.283950602928338514e+00
1.483576419878609665e+00 1.635392516615227443e+00
1.632657090010909418e+00 8.857499948157153691e-01
1.788930577229840946e+00 1.120135759045542301e+00
1.724935731997014887e+00 1.161531555296714924e+00
1.795474430650466857e+00 1.044200720057922638e+00
1.648201179778417513e+00 1.131618883755873606e+00
1.688706105048111361e+00 1.008451987740832001e+00
1.611100102535941048e+00 9.697493109364352382e-01
1.512562287072191758e+00 1.017200673227911301e+00
1.548193943260608885e+00 9.088397472309880376e-01
1.412353887642854966e+00 1.205939872921331091e+00
1.410499852447812064e+00 1.119000264544880441e+00
1.330124738943847973e+00 1.086393714708060010e+00
1.483368011663826369e+00 1.089993793079770734e+00
1.280604999990368142e+00 1.148826762696439019e+00
1.637123081790131218e+00 8.178976277547324036e-01
1.704627879065640395e+00 8.673286927173395888e-01
1.800296258107160652e+00 9.709306644379912532e-01
1.440760025562382030e+00 9.636168497235398922e-01
1.555267441340491885e+00 1.097624685774081454e+00
2.600638698957296047e-01 4.427387066575564911e-01
8.106594031418920543e-02 1.048283879005029506e+00
5.148032925620225075e-01 2.109310671540018389e-01
1.688347072020705442e+00 3.893041285034428145e-01
1.892377530936918184e+00 1.248410885369998224e+00
1.597382083018189736e+00 1.707940867996914580e+00
9.336136190651254940e-02 1.157408763855141798e+00
8.366223743390398537e-01 8.821418242837106294e-02
1.610695871496556242e+00 3.116529279792936147e-01
1.852570501632463396e+00 6.378271608229757472e-01
1.297447457087198108e+00 1.877251751758715947e+00
9.563899757887022179e-01 1.925280385331747057e+00
6.213616894807316715e-01 1.845386689922718704e+00
1.565462780643090523e+00 1.353915015820354117e+00
5.121087268171433671e-01 9.934494655039474154e-01
7.729743471973374858e-01 9.672402185246334883e-01
1.346563256796596386e+00 1.679872276029866551e+00
1.305199193848346484e+00 1.614691072693570373e+00
1.356490243867328083e+00 1.571593904988421331e+00
1.176189793329561528e+00 4.104707730811908428e-01
