2.000000000000000000e+00 1.000000000000000000e+00
1.997668769190539262e+00 1.068242413364671073e+00
1.990685946036330645e+00 1.136166649096246539e+00
1.979084087682323023e+00 1.203456013052633722e+00
1.962917287347799356e+00 1.269796771157024384e+00
1.942260922118820510e+00 1.334879612170986052e+00
1.917211301505453047e+00 1.398401089846241341e+00
1.887885218402375109e+00 1.460065037731152149e+00
1.854419404546488570e+00 1.519583950035433562e+00
1.816969893010442094e+00 1.576680322114867083e+00
1.775711290704419909e+00 1.631087944326052863e+00
1.730835964278124139e+00 1.682553143218654235e+00
1.682553143218654235e+00 1.730835964278123917e+00
1.631087944326052863e+00 1.775711290704419909e+00
1.576680322114867305e+00 1.816969893010441872e+00
1.519583950035433562e+00 1.854419404546488570e+00
1.460065037731152149e+00 1.887885218402375109e+00
1.398401089846241563e+00 1.917211301505453047e+00
1.334879612170986274e+00 1.942260922118820510e+00
1.269796771157024384e+00 1.962917287347799356e+00
1.203456013052633944e+00 1.979084087682322801e+00
1.136166649096246539e+00 1.990685946036330645e+00
1.068242413364671073e+00 1.997668769190539262e+00
1.000000000000000000e+00 2.000000000000000000e+00
9.317575866353291492e-01 1.997668769190539262e+00
8.638333509037535718e-01 1.990685946036330645e+00
7.965439869473663892e-01 1.979084087682323023e+00
7.302032288429758378e-01 1.962917287347799356e+00
6.651203878290138372e-01 1.942260922118820510e+00
6.015989101537585482e-01 1.917211301505453047e+00
5.399349622688478512e-01 1.887885218402375109e+00
4.804160499645666604e-01 1.854419404546488792e+00
4.233196778851329167e-01 1.816969893010442094e+00
3.689120556739471368e-01 1.775711290704419909e+00
3.174468567813460984e-01 1.730835964278124361e+00
2.691640357218758606e-01 1.682553143218654235e+00
2.242887092955803130e-01 1.631087944326052863e+00
1.830301069895580168e-01 1.576680322114867305e+00
1.455805954535116520e-01 1.519583950035433784e+00
1.121147815976247797e-01 1.460065037731152149e+00
8.278869849454717489e-02 1.398401089846241785e+00
5.773907788117960127e-02 1.334879612170986274e+00
3.708271265220075552e-02 1.269796771157024384e+00
2.091591231767719883e-02 1.203456013052633944e+00
9.314053963669244318e-03 1.136166649096246761e+00
2.331230809460849152e-03 1.068242413364671295e+00
0.000000000000000000e+00 1.000000000000000222e+00
2.331230809460738129e-03 9.317575866353293712e-01
9.314053963669244318e-03 8.638333509037535718e-01
2.091591231767708781e-02 7.965439869473661672e-01
3.708271265220064450e-02 7.302032288429759488e-01
5.773907788117949025e-02 6.651203878290139482e-01
8.278869849454684182e-02 6.015989101537588812e-01
1.121147815976246687e-01 5.399349622688479622e-01
1.455805954535112079e-01 4.804160499645667715e-01
1.830301069895579058e-01 4.233196778851330278e-01
2.242887092955802020e-01 3.689120556739472478e-01
2.691640357218757496e-01 3.174468567813460984e-01
3.174468567813458764e-01 2.691640357218759716e-01
3.689120556739469148e-01 2.242887092955804240e-01
4.233196778851328057e-01 1.830301069895580168e-01
4.804160499645664384e-01 1.455805954535114299e-01
5.399349622688472961e-01 1.121147815976250017e-01
6.015989101537582151e-01 8.278869849454717489e-02
6.651203878290136151e-01 5.773907788117960127e-02
7.302032288429756157e-01 3.708271265220075552e-02
7.965439869473662782e-01 2.091591231767708781e-02
8.638333509037527946e-01 9.314053963669355340e-03
9.317575866353287051e-01 2.331230809460849152e-03
9.999999999999997780e-01 0.000000000000000000e+00
1.068242413364671073e+00 2.331230809460849152e-03
1.136166649096245873e+00 9.314053963669133296e-03
1.203456013052633278e+00 2.091591231767697678e-02
1.269796771157023940e+00 3.708271265220064450e-02
1.334879612170986052e+00 5.773907788117949025e-02
1.398401089846241563e+00 8.278869849454706387e-02
1.460065037731151705e+00 1.121147815976244466e-01
1.519583950035433340e+00 1.455805954535112079e-01
1.576680322114866861e+00 1.830301069895577948e-01
1.631087944326052863e+00 2.242887092955802020e-01
1.682553143218653569e+00 2.691640357218754165e-01
1.730835964278123695e+00 3.174468567813455433e-01
1.775711290704419465e+00 3.689120556739469148e-01
1.816969893010441872e+00 4.233196778851326947e-01
1.854419404546488570e+00 4.804160499645664384e-01
1.887885218402374887e+00 5.399349622688471850e-01
1.917211301505452825e+00 6.015989101537581041e-01
1.942260922118820510e+00 6.651203878290135041e-01
1.962917287347799356e+00 7.302032288429756157e-01
1.979084087682323023e+00 7.965439869473662782e-01
1.990685946036330645e+00 8.638333509037527946e-01
1.997668769190539262e+00 9.317575866353285940e-01
2.422384148865993625e-01 5.739319289824708070e-01
2.422384148866004727e-01 1.426068071017528860e+00
1.311756663359398278e-01 9.703200699567365861e-01
1.714015787402832225e-01 7.370146823488520349e-01
1.651505866906373132e-01 6.029630908653335064e-01
2.269896046621367458e-01 4.929824669522790415e-01
4.286723804456185061e-01 3.447738007767884860e-01
2.957510308237043528e-01 1.534048851296743177e+00
1.651505866906379516e-01 1.397036909134666605e+00
1.856690640315961760e+00 1.147708387741517289e+00
8.039445583617955970e-02 9.054616836337776586e-01
1.433093596840383510e-01 1.147708387741517067e+00
7.608674574902155041e-02 1.031561824053164766e+00
1.018326772506004535e-01 7.811226131749291479e-01
3.338375801852991875e-01 4.191364905729846324e-01
4.414123469124220378e-01 2.633917703851604841e-01
6.810822058468763984e-01 1.912799856645835406e-01
4.747184941293726146e-01 1.692687491300699509e+00
2.989787616872204845e-01 1.611258823009708685e+00
2.222750456707958677e-01 1.510109812380075134e+00
1.898167322749400032e+00 1.218877386825071074e+00
1.757761585113399860e+00 1.426068071017529304e+00
1.571327619554381716e+00 3.447738007767874868e-01
1.828598421259716611e+00 7.370146823488515908e-01
1.868824333664059090e+00 9.703200699567361420e-01
1.919605544163820010e+00 1.094538316366222563e+00
1.575716447001008769e-01 1.267374741409791561e+00
3.423267812686918710e-01 3.423267812686920930e-01
5.668205307856919450e-01 2.295908011916936997e-01
7.203397611728853400e-01 1.188632336933403977e-01
9.703200699567362530e-01 1.311756663359402997e-01
7.941733178007156502e-01 1.844613519847394745e+00
5.668205307856919450e-01 1.770409198808306162e+00
3.924466203658902863e-01 1.696771656293055264e+00
1.822218162736701341e+00 1.324240773227440826e+00
1.773010395337862866e+00 1.507017533047721125e+00
1.571327619554380606e+00 1.655226199223210903e+00
1.653686411866651884e+00 3.463135881333472277e-01
1.318917794153123157e+00 1.912799856645836516e-01
1.484744210894670680e+00 2.609480152510588735e-01
1.898167322749399366e+00 7.811226131749290369e-01
1.757761585113401193e+00 5.739319289824698078e-01
1.859997943509994256e+00 6.608608143007116409e-01
1.919605544163820010e+00 9.054616836337769925e-01
9.635479124449258803e-02 1.220212311113646253e+00
6.005415788893689877e-01 1.600588740414004840e-01
8.498262476050705283e-01 1.290105452711426959e-01
1.031561824053164544e+00 7.608674574902173082e-02
1.029679930043263747e+00 1.868824333664059756e+00
8.429259725922940705e-01 1.911010208522450959e+00
7.203397611728855621e-01 1.881136766306659602e+00
4.898901876199252547e-01 1.777724954329204632e+00
6.005415788893697648e-01 1.839941125958599377e+00
1.839941125958599377e+00 1.399458421110630235e+00
1.666162419814700701e+00 1.580863509427015368e+00
1.558587653087577740e+00 1.736608229614839294e+00
1.318917794153123602e+00 1.808720014335416737e+00
1.397036909134666383e+00 1.651505866906379238e-01
1.209262085122449148e+00 1.412892420101805602e-01
1.561994456486599292e+00 2.588992267234304645e-01
1.704248969176295647e+00 4.659511487032563792e-01
9.048850982836460499e-01 7.478581898876728029e-02
1.150173752394929361e+00 1.870989454728857471e+00
9.684381759468354556e-01 1.923913254250978255e+00
1.657673218731308129e+00 1.657673218731307907e+00
1.433179469214308055e+00 1.770409198808306162e+00
1.279660238827114549e+00 1.881136766306659824e+00
1.281365875260252807e+00 1.134892163589723418e-01
1.158032015518456914e+00 8.343357723295806438e-02
1.777724954329204188e+00 4.898901876199251437e-01
1.095114901716353284e+00 1.925214181011232428e+00
1.399458421110630235e+00 1.839941125958599377e+00
2.332616345078769027e-01 6.669585296892773796e-01
1.783636273614058187e-01 5.380169287473494100e-01
5.793895072544223007e-02 9.678182286619020358e-01
1.660036022930053423e-01 1.057046916446171325e+00
1.072155391727076801e-01 7.126952133671928813e-01
2.021549025598770033e-01 8.624376087885243791e-01
7.109544214054693001e-02 8.398406750929809927e-01
3.224677662040283943e-01 5.169077950966999291e-01
1.778770196493940914e-01 1.461573609122873263e+00
1.928904557859453028e+00 1.160159324907019007e+00
1.833996397706993964e+00 1.057046916446171547e+00
2.352017716334302566e-01 1.327889731706022314e+00
3.808147601926115122e-01 2.889823980632093559e-01
5.233655828390271214e-01 3.179093618524652665e-01
3.337366667994865477e-01 1.667105360712848316e+00
4.160484709067097109e-01 1.577136314214437229e+00
1.800189877602661248e+00 1.228307174773661359e+00
1.797845097440122553e+00 8.624376087885238240e-01
1.898444332086345998e+00 7.148465867139972563e-01
1.766738365492122043e+00 6.669585296892769355e-01
1.937448424834940397e+00 9.717407591876533468e-01
1.928904557859453028e+00 8.398406750929805487e-01
7.518270717619293664e-02 1.155044785668301266e+00
6.546712437600641366e-01 1.226833857876300504e-01
7.793042629406421451e-01 1.976774975642789367e-01
7.768233546318545901e-01 1.915809408080611176e+00
7.001235220948156535e-01 1.747377910933802569e+00
4.298309401138944441e-01 1.750895222123481476e+00
6.546712437600644696e-01 1.877316614212370283e+00
6.630324987163022099e-01 1.807322457038346153e+00
1.821539353806609807e+00 1.462611588274975727e+00
1.677532233795971717e+00 1.483092204903300626e+00
1.386335364106710655e+00 2.629972912455300071e-01
1.087116097439850160e+00 1.994311838951972060e-01
1.620082766348804659e+00 2.897650006255030330e-01
1.610835897706962783e+00 4.349269849449358682e-01
9.684056552298139220e-01 5.769527814097211854e-02
9.036047322593981912e-01 1.937668725789633895e+00
9.146615290869064552e-01 1.830115597554501816e+00
1.619185239807388488e+00 1.711017601936790866e+00
1.476634417160972879e+00 1.682090638147535122e+00
1.220695737059357855e+00 1.802322502435721230e+00
1.346436538069021971e+00 1.231202382595270040e-01
1.095825839404837687e+00 6.204808227626297523e-02
1.106658840068962979e+00 1.317025058224828293e-01
1.819497857433857835e+00 5.442049009366127788e-01
1.031594344770185856e+00 1.942304721859028138e+00
1.345328756239935641e+00 1.877316614212370283e+00
1.485136453123895584e-01 9.044363098075811624e-01
2.377380491265746743e-01 9.631398281245424631e-01
1.656753507511937729e-01 8.049005106151124744e-01
2.694066312117061601e-01 7.794659130596357510e-01
4.309762116869871318e-01 1.642227058998704026e+00
5.489805793012192403e-01 1.584122936755303579e+00
1.834324649248805894e+00 8.049005106151120303e-01
1.730593368788293507e+00 7.794659130596349739e-01
1.851486354687609914e+00 9.044363098075806073e-01
1.762261950873425631e+00 9.631398281245407977e-01
3.428895776532214223e-01 6.305908722899529195e-01
2.852317405296433961e-01 4.630308724137182086e-01
4.608420271748087105e-01 4.834525728510777887e-01
1.698210421323222141e-01 1.331711330287030925e+00
2.785140256617865129e-01 1.192277281519115162e+00
5.063218139240841520e-01 2.546736571676477268e-01
6.649537134295718799e-01 3.327245321379567189e-01
4.257617036734968607e-01 1.363573244928719008e+00
1.742877057914324457e+00 1.128026901926176828e+00
1.853318212463690218e+00 1.266603707785225241e+00
1.681008690713528875e+00 1.306169442184851537e+00
7.844209337866785425e-01 1.323853534329614834e-01
9.077559269525165009e-01 2.590522318390096612e-01
1.714768259470356604e+00 1.536969127586282235e+00
1.539157972825192289e+00 1.516547427148922100e+00
1.434640169382683350e+00 2.187718438983097535e-01
1.438320942044531758e+00 3.955272413744892468e-01
1.215996438261320645e+00 3.555772629287615727e-01
1.671161828724796905e+00 4.094313686032395316e-01
1.615438298011306673e+00 5.772136881401136455e-01
1.493678186075915848e+00 1.745326342832352440e+00
1.335046286570427565e+00 1.667275467862042726e+00
1.215579066213321235e+00 1.867614646567038683e+00
1.092244073047483610e+00 1.740947768160990616e+00
1.865923090457490829e-01 9.984223050536832345e-01
2.663797790706728397e-01 1.059370952581599967e+00
2.330293811911609003e-01 7.290929482112818993e-01
3.045024863156051698e-01 6.982924654331823522e-01
4.526757549851245233e-01 7.375737205262025142e-01
3.837438137458997200e-01 6.984890165838412157e-01
4.619532589219906282e-01 6.051904366827908222e-01
3.708706094664910857e-01 8.015213503971501119e-01
4.451437477058287073e-01 6.705291441285018417e-01
5.780266432853484737e-01 6.698839422723699144e-01
1.766970618808838989e+00 7.290929482112814553e-01
1.671379544283130292e+00 6.983826164077824306e-01
1.813407690954250029e+00 9.984223050536834565e-01
1.756375830740403154e+00 1.051379282082610001e+00
1.603603458499360146e+00 1.063986297182833551e+00
1.681644003512909213e+00 1.077730384611918835e+00
1.639194091836254419e+00 1.191832739210535674e+00
1.659270492859375778e+00 9.763360690884463899e-01
1.633152436365986171e+00 1.124637465885836463e+00
1.508158141590764334e+00 1.169745186917579671e+00
2.800311559939455686e-01 6.245252282494181406e-01
3.854920798846604990e-01 4.746901359749313709e-01
4.303318937243177933e-01 4.174594605260604774e-01
5.257572555236870171e-01 4.133914456249992986e-01
3.948718712719103130e-01 5.568442017170280867e-01
2.318766063157167712e-01 1.252104917051328092e+00
2.062756542705618812e-01 1.184056769597552794e+00
2.492482533638581410e-01 1.127942136032793030e+00
3.560260313055936265e-01 1.118193406244271548e+00
3.363897967988473403e-01 1.285484609323537919e+00
5.968887640771094460e-01 2.992348691614021283e-01
6.583049548119023209e-01 2.603245796079100005e-01
7.495828394668710981e-01 2.884474562866917724e-01
5.994018375937991694e-01 3.800402570382599987e-01
7.223199539728032414e-01 4.812666461239308302e-01
6.073661349865551173e-01 4.956115647043088379e-01
6.741443554810681027e-01 4.145234892284518913e-01
7.774390976280854959e-01 3.907230360184850704e-01
1.804137352793789173e+00 1.112692317406116738e+00
1.754942362991505744e+00 1.289192782910148827e+00
1.731856945053914520e+00 1.358134951400528756e+00
1.643303650903690016e+00 1.393924091023044598e+00
1.718592430435692320e+00 1.214923318070195934e+00
8.548359903610199817e-01 2.047026672796825875e-01
9.257363295509454248e-01 1.886060520993852740e-01
1.005711662053658362e+00 2.046710652827110899e-01
8.301438843766797415e-01 2.816840036573265982e-01
1.056329931548104950e+00 3.561024357641804361e-01
9.019881754614851310e-01 3.836675811173012041e-01
1.051025795654444872e+00 2.736997713328976900e-01
8.835311474061615655e-01 3.203721547250197310e-01
9.735965054482402792e-01 3.205079507197489685e-01
1.152208721493665822e+00 2.769656991761428877e-01
1.614507920115339834e+00 1.525309864025068851e+00
1.569668106275682540e+00 1.582540539473939356e+00
1.474242744476312650e+00 1.586608554375000146e+00
1.585079872192623363e+00 1.450011681816679499e+00
1.435360280589759174e+00 1.395792782235844687e+00
1.538872951297996394e+00 1.343780435706899201e+00
1.503105186944430960e+00 1.442549225058282536e+00
1.413744874499404336e+00 1.499566765236245214e+00
1.436741615278681827e+00 3.196859558922187650e-01
1.499544928324690662e+00 3.563152199846647550e-01
1.516568805270455345e+00 4.502978568571802120e-01
1.334604032015068276e+00 3.597499662533835685e-01
1.639347860385442335e+00 5.052225242120732540e-01
1.686258574294904555e+00 5.607683974882563538e-01
1.664558820172695963e+00 6.280336711736878019e-01
1.567210943518263733e+00 6.729772191593126340e-01
1.559637295051524042e+00 5.187151897225285024e-01
1.407759756425625453e+00 5.665572051736489367e-01
1.477420444599406135e+00 5.227060272468606605e-01
1.522274046863499875e+00 5.978665083617129561e-01
1.399965192964399474e+00 4.769189449998503250e-01
1.432032289793780500e+00 7.028536161442034969e-01
1.494644167174628224e+00 6.653944650677925399e-01
1.519548968164200264e+00 7.780786508733660289e-01
1.432436185862327793e+00 6.324721785680170738e-01
1.294521974844765833e+00 6.465262743997555184e-01
1.361634827908549950e+00 6.214013976435169839e-01
1.352852421555043261e+00 7.001394910173711628e-01
1.287016286547887356e+00 5.242798878881498315e-01
1.387589177915092842e+00 8.430795527295934511e-01
1.390205500088313340e+00 7.667529151336803794e-01
1.221547536377061149e+00 7.844594383759128098e-01
1.451842459488905002e+00 8.070738648664433912e-01
1.537581115695170642e+00 9.137334741117817405e-01
1.509612983704566647e+00 8.484252969862140503e-01
1.624742244712515937e+00 8.288115025656994650e-01
1.445589937705498818e+00 9.144858179513232210e-01
1.276135071558290424e+00 7.250689463887580732e-01
1.312564527346014032e+00 8.022997001241822801e-01
1.135695233842363816e+00 6.507683358583794542e-01
1.272386301362015359e+00 9.656206594995218051e-01
1.215665269981152541e+00 6.694893862512885097e-01
1.313907250471638699e+00 8.892325781499428317e-01
1.196763729756987527e+00 5.700673287247373100e-01
1.367133176418033669e+00 9.676421277855650205e-01
1.213860818077846293e+00 8.843305210778263925e-01
1.403111235922890110e+00 1.700765130838597594e+00
1.341695045188096902e+00 1.739675420392089666e+00
1.250417160533127792e+00 1.711552543713307672e+00
1.400598162406200498e+00 1.619959742961739613e+00
1.298749873572053293e+00 1.547923791558504458e+00
1.337337557689479484e+00 1.601383715999804558e+00
1.262572779259228062e+00 1.631769614223520737e+00
1.158408378080857393e+00 1.656716739121852244e+00
1.145164009638980129e+00 1.795297332720317662e+00
1.074263670449054686e+00 1.811393947900614920e+00
9.911987524689883644e-01 1.792930460894542888e+00
8.820879581427706340e-01 1.665710362007374101e+00
9.199488641600638283e-01 1.743638504313058002e+00
8.478313245617959959e-01 1.782629317497663735e+00
1.004722132373927712e+00 1.654290621527089611e+00
7.724129513786471835e-01 1.771558947356459690e+00
9.872057930770687939e-01 1.722561497808197339e+00
7.698291996620495459e-01 1.659137623894208602e+00
3.018731609110031355e-01 8.745221708076728051e-01
5.336011511756296732e-01 9.253962314695249880e-01
3.130214191779868704e-01 1.371653572705895385e+00
5.343585770616223751e-01 4.864652194040690603e-01
5.600613750147073189e-01 5.772535108588379149e-01
7.275629208249949631e-01 3.493762255865369148e-01
1.039051200916372153e+00 1.444829599200378456e-01
9.709072703689430872e-01 2.573920543115508219e-01
1.136160990479262889e+00 3.551726856582904102e-01
1.175548220097323959e+00 4.600576910929080610e-01
1.163115587412293150e+00 2.017181544570277318e-01
1.244732532487208720e+00 2.519624706794907354e-01
1.610728044716911000e+00 1.327949936780056683e+00
1.556106154784552276e+00 1.251011020566543452e+00
1.474587450687602441e+00 1.521823734216135815e+00
1.373649098703006111e+00 4.147841113956100556e-01
1.286762800500056203e+00 4.350595989609740699e-01
1.354166454221072513e+00 5.260594305504039392e-01
1.577424616606961649e+00 9.858577031137586433e-01
1.490963190557395679e+00 1.058278876907813526e+00
1.660909959802601366e+00 7.681914842761683460e-01
1.700409085314340096e+00 8.889045811903510952e-01
1.262175460494376011e+00 5.871586763964896649e-01
1.315908597321804985e+00 1.147135649636264354e+00
1.027437685929055933e+00 8.197508517087923607e-01
1.187874493778941387e+00 1.549811816374397022e+00
7.267387857933936823e-01 1.817015758851288743e+00
3.551252671681661699e-01 9.805792586171460101e-01
2.478387639837482670e-01 9.029329736325483191e-01
3.022094286955689935e-01 9.407510247674294446e-01
3.688356722394027232e-01 9.072974586362750893e-01
4.464516206569303369e-01 9.597421966424731776e-01
4.684913943738034381e-01 8.421044325302173839e-01
3.674234789944261226e-01 1.340153857752574451e+00
4.300813046570334808e-01 1.268442406826480573e+00
3.725544309255410247e-01 1.411743154176985371e+00
4.763066072189455213e-01 1.472874540410858302e+00
6.776220825303495010e-01 5.908446519262158247e-01
5.227736519912724589e-01 6.325426605811372838e-01
5.151547576465598244e-01 7.033650524692933725e-01
6.103762647113849527e-01 8.064030434541940018e-01
5.172060718162869719e-01 7.812720154335901501e-01
4.980653014344573748e-01 5.457725649677838131e-01
1.222084073256780146e+00 5.081337268169587862e-01
1.069857623747822561e+00 5.374908066104765458e-01
1.254237865916571604e+00 1.878953371502986025e-01
1.315153237087916871e+00 2.623653056875531187e-01
1.440781898066352706e+00 1.277573303591154952e+00
1.572725710048069825e+00 1.186427317141219628e+00
1.556187721330325013e+00 1.117142732470693955e+00
1.625064959194797876e+00 1.259913064594329946e+00
1.442563096940112866e+00 9.944961163210446209e-01
1.509119336743572903e+00 9.765240434571234029e-01
1.393078132894622678e+00 1.082301687074700203e+00
1.688159343008231783e+00 8.266440809835823300e-01
1.129123736207690243e+00 8.275772615393998111e-01
1.088256014518473647e+00 1.036473714217679198e+00
4.187702161903680276e-01 1.048972687463432640e+00
4.311199728299495160e-01 7.942969596996709569e-01
4.749004701838280273e-01 9.041886809100894151e-01
3.700803216981287114e-01 1.204641092927339230e+00
4.565052022951675559e-01 1.146224224084903653e+00
6.091572561998431778e-01 1.324237188178594149e+00
6.153102606450153722e-01 6.145955888256562361e-01
6.839690055537160918e-01 7.011107615612025556e-01
5.777629791284527583e-01 7.420387605163767386e-01
5.484501606976095456e-01 8.507124266020437142e-01
6.354119400757700653e-01 9.068206845316436615e-01
1.126490848338082884e+00 5.803466019389652564e-01
1.046996527476603767e+00 6.265491995446621498e-01
1.276600632766145216e+00 3.207002789366535933e-01
1.491542188277319436e+00 1.234326765140443261e+00
1.406255339620553713e+00 1.185635004151042171e+00
1.454458303745399972e+00 1.120969586277445584e+00
1.303578719640985817e+00 1.054116795674481910e+00
1.084919550563533841e+00 7.374077294820361450e-01
1.070515331305028184e+00 9.245571626763878781e-01
1.171023447083288316e+00 9.768846412366836152e-01
5.257666082596506030e-01 1.033256535905143991e+00
5.122975954791780806e-01 1.319839086636964254e+00
7.492571312248929027e-01 8.251076010572733210e-01
9.096408241653198834e-01 5.438268950941943514e-01
1.316100340545030223e+00 1.271944071907470830e+00
1.190084035152457309e+00 1.116487399783881784e+00
1.360551169765475743e+00 1.029396660695893306e+00
9.665239094820381460e-01 7.159933733546421930e-01
1.153687539068685153e+00 7.596152789059663624e-01
1.075384011130260165e+00 8.612999563436748440e-01
1.135713600090974662e+00 8.977592735420523162e-01
1.010185742344313686e+00 8.880978454780104059e-01
9.866304054589626338e-01 9.952187311557193494e-01
9.010401422502459789e-01 8.241968009424858188e-01
1.107584705859405494e+00 9.760454105239048106e-01
4.782503791686899541e-01 1.081840159416358915e+00
5.900372207550943493e-01 1.155459383630958126e+00
5.969319702546826978e-01 9.842110171406415198e-01
7.636098986376052000e-01 1.018824847244832243e+00
6.037436370272547537e-01 1.070248246786488222e+00
6.848131434622655167e-01 9.796455769286565030e-01
5.436054294154186728e-01 1.104282794906416676e+00
7.115864938791245375e-01 1.131302953076382511e+00
7.190826315445869588e-01 9.032304159600245130e-01
6.463252236434168241e-01 1.120805520822506729e+00
6.755800989020133152e-01 1.052955071831201073e+00
6.648260839855304472e-01 1.213897342549750791e+00
6.763063529967071608e-01 8.418195447697971456e-01
8.255976687179946705e-01 8.994824792673840053e-01
6.718639407534006125e-01 7.710145858150154741e-01
7.456906399356075799e-01 7.477989512014147078e-01
7.784440514614885398e-01 6.403570535621510018e-01
8.248979842006985974e-01 7.828814588252590578e-01
8.103398550409496304e-01 7.087937640968925423e-01
8.941353170302486220e-01 7.461012460032954152e-01
8.765558689292269889e-01 6.362818658566349317e-01
5.156735392565392484e-01 1.222982126619291288e+00
5.566866471067284383e-01 1.411028455934966397e+00
9.906973657579158932e-01 5.646339334844984181e-01
9.710003062570899957e-01 6.390982154356327216e-01
9.742351365966318566e-01 4.604779989688326802e-01
1.342710059176495330e+00 1.209498832964143178e+00
1.256445833676323121e+00 1.209631360724252813e+00
1.250029807668554982e+00 1.143990348741152019e+00
1.167559835993652761e+00 1.354436766721396346e+00
1.231004962560337201e+00 1.293698152292795056e+00
1.304209062255367702e+00 1.402739711746330276e+00
1.108042728372944818e+00 1.228762149649973878e+00
1.286951244130694283e+00 1.335232350805396262e+00
1.372992990118600432e+00 1.336504325917441838e+00
1.184103809694150744e+00 1.233621661030172234e+00
1.160421916064411585e+00 1.049434708490505352e+00
1.231798480918129712e+00 1.057947002053118757e+00
1.112139381390896187e+00 1.110880633674490081e+00
1.001047036980756033e+00 1.105502864741657154e+00
1.020804740808527677e+00 7.538855896585601180e-01
5.910309284449158929e-01 1.231263986775952946e+00
4.858517297036396010e-01 1.402122977078945620e+00
7.444822400887050051e-01 1.465305859432632474e+00
5.595242306850529701e-01 1.497873558828823448e+00
6.467148131751646600e-01 1.451555777864488750e+00
6.441702676303806552e-01 1.551990357180199620e+00
9.716753321659420406e-01 3.905031973596738148e-01
8.455585901278166450e-01 1.261684384024702066e+00
6.202098417148860232e-01 1.390175623353580248e+00
7.374266875384782871e-01 1.336632228778836584e+00
6.932693068685568116e-01 1.395040052313143430e+00
6.893464039577299474e-01 1.502885387414245155e+00
7.690990866731148845e-01 1.560659933482843043e+00
6.283624638692300035e-01 1.662222708607363097e+00
7.614632042212703400e-01 1.214074192337069036e+00
7.028826180814102820e-01 1.610392413704593295e+00
9.384517068952960006e-01 1.466084826468586844e+00
8.290597942798602071e-01 1.609456936898986168e+00
8.552580662878099815e-01 1.516027348849512624e+00
9.136897201386783296e-01 1.582799847598028720e+00
6.084087093037371385e-01 1.603111622500928313e+00
5.599101542619752125e-01 1.652406346502595769e+00
8.286482437527622480e-01 1.117176393423729763e+00
7.790122335306133294e-01 1.281152051854007601e+00
8.415124223073842114e-01 1.371324949377551450e+00
6.951470955911768224e-01 1.678757143338502011e+00
9.416289006018078167e-01 1.640926850501383649e+00
9.867640830636089655e-01 1.583454196194228558e+00
1.082490688443842775e+00 1.596880653561156826e+00
5.364345861132311377e-01 1.712984867303838143e+00
7.732904847565664763e-01 1.150534150723311111e+00
8.346323446725513184e-01 1.189719553965469689e+00
9.172208761510216579e-01 1.146388413078974322e+00
8.673315022701965082e-01 1.441876396533042781e+00
9.282109301222379871e-01 1.379596786604584846e+00
8.903219077787045688e-01 1.318231268819796353e+00
9.346564304007221047e-01 1.237144349014806188e+00
9.719611582110423420e-01 1.310204301755073075e+00
1.021631672782106648e+00 1.238788368178887600e+00
1.051512438396699833e+00 1.408847351840821993e+00
1.057203416911999483e+00 1.167983424955502114e+00
9.845101017592454706e-01 1.416780887782397302e+00
1.028280310944932996e+00 1.499540862865253121e+00
1.061430525756630328e+00 1.319450021836242604e+00
1.087249009724087889e+00 1.668922224612876537e+00
1.145092169399155368e+00 1.595533081544992182e+00
1.112191243575958000e+00 1.521870230080463848e+00
1.181069014944735374e+00 1.451775773725351160e+00
9.007895275143382730e-01 1.047324435897798889e+00
9.837461440508501465e-01 1.176407116630130645e+00
1.127897070244381350e+00 1.296289904527223147e+00
1.103795807653995320e+00 1.369399031511037812e+00
1.109617078308702043e+00 1.450452415787043536e+00
1.229946998042014572e+00 1.395385312289574520e+00
1.259974546947331797e+00 1.470790914688988815e+00
1.338997504712244435e+00 1.473755049678173057e+00
1.370578646088921326e+00 1.414255710273002009e+00
9.637543830385348897e-01 1.054293501629940844e+00
8.295328671471122739e-01 1.045911210521383250e+00
8.210167089294496678e-01 9.728728341205505892e-01
9.095559066009413218e-01 9.415612239044202081e-01
8.857313266787879558e-01 8.842987389719925151e-01
9.709123528783984991e-01 9.356121193787488854e-01
1.617294173711393945e+00 9.083576957472974112e-01
1.177966276649032640e+00 1.728509108204759448e+00
8.230621103591847509e-01 1.711894085481883820e+00
1.224743789678430561e+00 4.190333953927588562e-01
1.588325268581962213e+00 7.459099826554004276e-01
3.369730609730807180e-01 1.049508097123222461e+00
4.058420933940418696e-01 8.551017655849061372e-01
3.117874462723951856e-01 1.458851441100341484e+00
3.890835708926224656e-01 1.495811899056143091e+00
4.842806003648734703e-01 1.547027107724278538e+00
6.692197292030332978e-01 5.235119167813820917e-01
1.471247467492222016e+00 1.338204531873923298e+00
8.260587813588591288e-01 4.823695695118643822e-01
7.745170903000352380e-01 4.509931546505728805e-01
8.413200601040005111e-01 4.155533061332272182e-01
8.990333912261970761e-01 4.638864350853196261e-01
8.283114585648815309e-01 5.668704318882611393e-01
7.512809372410786946e-01 5.682612777260432901e-01
7.140555366389323977e-01 6.440632598345993332e-01
1.064140444498748783e+00 4.467185622305882564e-01
1.115575024421489481e+00 4.890451848385475309e-01
6.772589193255831308e-01 1.289382959573948328e+00
6.292247187539771192e-01 1.734310525790092816e+00
7.744188145399917289e-01 1.399134095609219308e+00
1.123887507172831368e+00 4.196197206581634975e-01
